# Time calibration constants
# For side A we apply only the correction from refference detector, for side B the correction is equal to the sum of the A-B
# correction and offset with respect to the refference detector. For side A we report the sigmas and chi2/ndf for fit to the time difference spectra with refference detector
# while the same quality variables for fits to the A-B time difference are given for B side section
# Description of the parameters: layer(1-3) | slot(1-48/96) | side(A-B) | threshold(1-4) | offset_value_leading | offset_uncertainty_leading | offset_value_trailing | offset_uncertainty_trailing | sigma_offset_leading | sigma_offset_trailing | (chi2/ndf)_leading | (chi2/ndf)_trailing
# Calibration started on Feb  8 2017 at 12:34:36
1	1	A	1	-14.914	0.0381569	-11.8652	0.0984025	0.58218	1.62257	1.27458	0.869542
1	1	B	1	-8.15364	0.0382128	-7.19369	0.0984575	0.673389	1.10046	58.95	4.23899
1	1	A	2	-13.783	0.0319218	-12.764	0.0647542	0.556163	1.14986	1.70612	0.983724
1	1	B	2	-7.05899	0.0319785	-7.9829	0.0647981	0.690244	0.870512	64.6742	18.5804
1	1	A	3	-13.2608	0.0328881	-12.433	0.0656791	0.530443	1.11919	1.72886	1.31711
1	1	B	3	-6.54053	0.0329428	-7.91087	0.0657133	0.690161	0.781065	61.625	15.0467
1	1	A	4	-14.2961	0.0388832	-19.6719	0.069987	0.630184	1.07088	1.11166	1.33068
1	1	B	4	-7.4996	0.0389337	-14.4976	0.070015	0.705911	0.707327	51.6423	11.7368
# Calibration started on Feb  9 2017 at 08:40:45
1	10	A	1	-15.8383	0.0332699	-8.47824	0.084286	0.477413	1.39669	1.94458	1.02497
1	10	B	1	-8.86734	0.0333473	-3.73458	0.0843545	0.719517	1.10069	51.2922	5.69303
1	10	A	2	-15.4762	0.0265472	-15.6227	0.0651071	0.489741	1.13866	1.48181	1.08271
1	10	B	2	-8.50417	0.026637	-10.4462	0.0651624	0.743049	0.918951	52.9813	9.29173
1	10	A	3	-11.6188	0.0283368	-8.26382	0.0529668	0.52313	0.855424	1.50216	1.48389
1	10	B	3	-4.89401	0.0284094	-3.91048	0.0530221	0.712629	0.851739	48.7021	25.8724
1	10	A	4	-10.5106	0.0360713	-8.64781	0.0655878	0.563059	1.02086	1.54132	1.32477
1	10	B	4	-3.79786	0.0361334	-4.14787	0.0656265	0.7277	0.77165	42.8963	15.1174
# Calibration started on Feb  9 2017 at 15:23:37
1	4	A	1	-12.3958	0.0449675	-16.7623	0.122467	0.589653	1.69722	1.78672	1.0198
1	4	B	1	-5.51618	0.0450166	-10.9258	0.122522	0.661452	1.18218	57.1913	7.57659
1	4	A	2	-12.9754	0.038251	-18.5076	0.080614	0.584722	1.23368	1.47708	1.12059
1	4	B	2	-6.02311	0.0383053	-12.7607	0.0806547	0.701455	0.901952	63.1983	6.37205
1	4	A	3	-11.593	0.0282631	-16.1553	0.0852633	0.439683	1.20549	1.42084	0.962375
1	4	B	3	-4.67435	0.0283292	-10.731	0.0852977	0.684956	0.876229	64.9845	8.36229
1	4	A	4	-13.4008	0.0633086	-13.5994	0.0928653	0.720586	1.1897	1.64017	1.02399
1	4	B	4	-6.35166	0.0633425	-8.21025	0.0928935	0.7164	0.798555	55.8101	7.65291
# Calibration started on Feb  9 2017 at 15:23:37
1	5	A	1	-13.5107	0.0464087	-12.5111	0.138527	0.679592	1.72416	0.934415	0.746162
1	5	B	1	-6.3411	0.0464645	-6.54784	0.138579	0.708779	1.21532	56.1261	2.73973
1	5	A	2	-13.0593	0.0391605	-9.61896	0.0966561	0.581552	1.20019	1.19158	1.38787
1	5	B	2	-5.7968	0.0392208	-4.14858	0.0967025	0.727604	1.0139	56.9783	7.07063
1	5	A	3	-12.6444	0.0552028	-11.1879	0.15349	0.762833	1.68305	0.972544	1.49415
1	5	B	3	-5.67469	0.0552464	-6.0294	0.153515	0.742746	0.934347	51.038	14.0145
1	5	A	4	-12.0193	0.0651555	-12.7804	0.152664	0.832503	1.60715	0.610858	1.0304
1	5	B	4	-4.92874	0.0651925	-7.57935	0.152687	0.732752	0.854217	48.2272	16.2258
# Calibration started on Feb  9 2017 at 15:23:37
1	2	A	1	-14.9924	0.0282532	-11.3116	0.0790806	0.469824	1.32453	1.6316	0.909118
1	2	B	1	-7.71116	0.0283441	-5.41635	0.0791622	0.690823	1.13577	61.462	1.94491
1	2	A	2	-11.9942	0.0294824	-13.5818	0.0592197	0.516935	1.03987	1.38766	1.00385
1	2	B	2	-4.93228	0.0295624	-7.96577	0.0592864	0.728392	0.968397	63.7493	4.8483
1	2	A	3	-7.58806	0.0226289	-5.81829	0.0557783	0.418216	1.00832	1.56622	0.828503
1	2	B	3	-0.687625	0.0227044	-1.12666	0.0558383	0.666787	0.949954	61.7614	18.0168
1	2	A	4	-11.0818	0.0344865	-15.28	0.0565438	0.563025	0.901298	1.13831	1.26114
1	2	B	4	-3.95436	0.0345464	-10.2869	0.0565936	0.705199	0.842385	57.0705	9.08195
# Calibration started on Feb  9 2017 at 15:23:37
1	16	A	1	-9.19361	0.0765793	-13.1271	0.657328	0.600858	3.47762	1.04603	0.698086
1	16	B	1	-5.75108	0.0766323	-10.3734	0.657349	0.648269	1.20053	31.8106	8.93784
1	16	A	2	-9.82064	0.0466469	-14.9045	0.138316	0.574859	1.37036	0.772934	0.961654
1	16	B	2	-6.31418	0.0467249	-12.5721	0.138359	0.679786	0.892732	35.6806	8.07642
1	16	A	3	-8.56302	0.0631941	-12.6239	0.0911125	0.635539	1.00777	1.64436	0.756336
1	16	B	3	-5.09999	0.063249	-10.2739	0.0911691	0.679063	0.836513	36.5808	10.4512
1	16	A	4	-10.1545	0.0541525	-10.5113	0.169361	0.595066	1.36653	0.575706	0.923569
1	16	B	4	-6.67409	0.0542255	-8.07928	0.169387	0.70591	0.752852	30.4827	8.47307
# Calibration started on Feb  9 2017 at 15:23:37
1	17	A	1	-10.3711	0.0463098	-9.25721	0.147463	0.502735	1.75003	1.45351	0.699464
1	17	B	1	-7.11205	0.0463758	-7.66933	0.14753	0.6713	1.24263	42.7368	5.91054
1	17	A	2	-9.60923	0.0412739	-6.51488	0.11102	0.526	1.26657	1.22988	1.17842
1	17	B	2	-6.40986	0.0413412	-5.17319	0.111072	0.692163	1.01177	43.7682	12.3702
1	17	A	3	-9.20413	0.0372982	-7.92946	0.0980866	0.495494	1.0985	1.00673	1.15395
1	17	B	3	-6.11142	0.0373717	-6.63303	0.0981342	0.689732	0.894839	43.1102	19.6183
1	17	A	4	-8.63003	0.0542242	-9.3494	0.165668	0.637735	1.51134	1.50114	1.23729
1	17	B	4	-5.56844	0.0542751	-7.54581	0.16569	0.688123	0.805824	38.7382	24.9433
# Calibration started on Feb  9 2017 at 15:23:37
1	18	A	1	-11.4342	0.0599738	-15.5375	0.536666	0.570262	2.78323	0.681829	0.851975
1	18	B	1	-7.95806	0.0600562	-12.9957	0.536691	0.681333	1.15672	25.8006	7.53483
1	18	A	2	-11.5579	0.0546423	-10.3057	0.196769	0.546733	1.69646	0.813152	0.653193
1	18	B	2	-8.00153	0.0547244	-7.83688	0.196806	0.711398	0.928201	27.3452	6.81133
1	18	A	3	-11.8232	0.0544329	-12.5814	0.207518	0.568658	1.69385	0.718692	0.771476
1	18	B	3	-8.30927	0.0545085	-10.4963	0.207548	0.699266	0.879103	29.4833	9.69299
1	18	A	4	-11.5649	0.0695855	-9.42241	0.153171	0.701268	1.31845	0.543184	0.695664
1	18	B	4	-8.06356	0.0696487	-6.97917	0.153208	0.711083	0.831692	27.3834	7.38948
# Calibration started on Feb  9 2017 at 15:23:37
1	19	A	1	-12.955	0.0527665	-8.9269	0.19024	0.535256	1.8801	1.23356	0.500197
1	19	B	1	-9.71912	0.0528588	-6.88281	0.190299	0.672967	1.04998	27.4126	5.31832
1	19	A	2	-10.0144	0.0436118	-8.0323	0.170763	0.49935	1.62421	1.10237	0.946831
1	19	B	2	-6.98673	0.0437146	-5.81682	0.170799	0.69473	0.831274	30.5475	8.18939
1	19	A	3	-10.3966	0.0415737	-12.0432	0.0946746	0.444054	0.990435	1.20804	0.871496
1	19	B	3	-7.35608	0.0416722	-9.81579	0.0947346	0.687305	0.795586	30.2976	14.5395
1	19	A	4	-9.49669	0.0381286	-8.81315	0.0701407	0.439862	0.739375	1.08932	1.06473
1	19	B	4	-6.42779	0.0382438	-6.75489	0.070206	0.702404	0.714296	27.9307	14.2142
# Calibration started on Feb  9 2017 at 15:23:37
1	20	A	1	-11.0222	0.0367595	-10.1372	0.122571	0.40891	1.21883	0.990441	0.686563
1	20	B	1	-7.70457	0.036892	-7.74874	0.122659	0.675063	1.03266	26.1877	3.25334
1	20	A	2	-13.2791	0.0354087	-11.7795	0.114513	0.410924	1.15151	1.28932	0.821052
1	20	B	2	-9.75461	0.0355319	-9.05429	0.114567	0.695865	0.841025	27.301	6.83143
1	20	A	3	-13.0789	0.0301303	-9.83907	0.101739	0.342709	1.03139	1.50874	0.980736
1	20	B	3	-9.53966	0.0302672	-7.22875	0.101793	0.693709	0.816348	27.1359	5.13022
1	20	A	4	-13.2764	0.0649643	-10.3628	0.143597	0.647314	1.28042	1.13294	0.758535
1	20	B	4	-9.79276	0.0650311	-8.12975	0.143626	0.700319	0.701453	24.7388	9.84221
# Calibration started on Feb  9 2017 at 15:23:37
1	31	A	1	-19.5552	0.0547048	-12.9651	0.229058	0.617126	2.01153	1.03246	0.854191
1	31	B	1	-10.4049	0.0547905	-5.21722	0.229107	0.677108	1.07971	29.196	3.71904
1	31	A	2	-16.6332	0.0587884	-12.2652	0.096038	0.665739	0.936576	0.640162	1.07041
1	31	B	2	-7.65227	0.05886	-4.79614	0.0961093	0.69172	0.904582	32.0872	4.23391
1	31	A	3	-16.957	0.0427896	-16.7594	0.0975923	0.519177	1.04436	1.09943	0.896063
1	31	B	3	-7.88648	0.0428825	-8.95224	0.0976527	0.687302	0.858446	32.4152	6.2361
1	31	A	4	-16.0523	0.0649936	-13.3056	0.212314	0.65304	1.64066	0.970886	0.965754
1	31	B	4	-7.07654	0.0650578	-5.58549	0.212338	0.691465	0.785615	30.4582	6.26905
# Calibration started on Feb  9 2017 at 15:23:37
1	32	A	1	-17.4933	0.0424916	-14.9089	0.12061	0.51093	1.35438	1.03733	0.576877
1	32	B	1	-8.20954	0.0426017	-6.69296	0.120699	0.68603	1.06994	28.4084	2.87744
1	32	A	2	-20.1236	0.0440947	-16.6156	0.101467	0.562436	1.14607	0.898905	1.17209
1	32	B	2	-10.7054	0.0441874	-8.60808	0.10153	0.699549	0.896348	29.7493	4.44829
1	32	A	3	-19.7852	0.0499185	-14.6849	0.161476	0.613563	1.59466	0.608577	1.0168
1	32	B	3	-10.4376	0.0499981	-6.76091	0.161512	0.699433	0.872069	30.2305	5.44565
1	32	A	4	-20.2728	0.0682326	-14.6763	0.234852	0.665495	1.6851	0.966266	0.757943
1	32	B	4	-10.8907	0.0682966	-6.60956	0.234874	0.711277	0.787577	24.5079	5.7647
# Time calibration constants
# For side A we apply only the correction from refference detector, for side B the correction is equal to the sum of the A-B
# correction and offset with respect to the refference detector. For side A we report the sigmas and chi2/ndf for fit to the time difference spectra with refference detector
# while the same quality variables for fits to the A-B time difference are given for B side section
# Description of the parameters: layer(1-3) | slot(1-48/96) | side(A-B) | threshold(1-4) | offset_value_leading | offset_uncertainty_leading | offset_value_trailing | offset_uncertainty_trailing | sigma_offset_leading | sigma_offset_trailing | (chi2/ndf)_leading | (chi2/ndf)_trailing
# Calibration started on Feb  9 2017 at 15:23:37
1	6	A	1	-14.7879	0.0341305	-19.0787	0.108092	0.520361	1.51598	1.14763	1.07735
1	6	B	1	-7.8022	0.0342074	-14.0556	0.108154	0.700003	1.14651	50.7448	5.63191
1	6	A	2	-14.989	0.0401401	-13.395	0.0927559	0.597028	1.06276	0.917567	1.52443
1	6	B	2	-7.98277	0.0402008	-8.594	0.0927938	0.732202	0.896497	54.7925	8.46078
1	6	A	3	-15.2508	0.0385559	-16.1271	0.0821655	0.544337	1.19745	1.23888	0.900364
1	6	B	3	-8.20299	0.0386147	-11.1041	0.0822047	0.726279	0.877298	52.6343	7.52592
1	6	A	4	-14.915	0.053147	-12.3078	0.108439	0.735112	1.3681	0.914745	0.719761
1	6	B	4	-7.97405	0.0531913	-7.41291	0.108466	0.739635	0.831099	47.6086	8.11482
# Calibration started on Feb  9 2017 at 15:23:37
1	33	A	1	-18.103	0.0631012	-11.7216	0.260292	0.655781	2.24226	1.06611	0.689004
1	33	B	1	-8.99741	0.0631782	-4.00635	0.260338	0.699034	1.13094	29.516	2.41051
1	33	A	2	-19.0063	0.0549935	-11.7375	0.151109	0.650122	1.49676	0.949022	0.849796
1	33	B	2	-9.8142	0.0550734	-4.10115	0.151159	0.716472	0.968983	32.3891	6.01355
1	33	A	3	-19.7182	0.0520789	-15.5005	0.131772	0.601492	1.33397	0.79113	0.835225
1	33	B	3	-10.4836	0.0521634	-7.57242	0.131819	0.725156	0.894947	29.2221	9.1714
1	33	A	4	-19.5415	0.0693388	-12.3119	0.154158	0.690634	1.34673	1.0389	1.03875
1	33	B	4	-10.3126	0.069404	-4.44436	0.154197	0.72901	0.858838	27.8588	9.08499
# Calibration started on Feb  9 2017 at 15:23:37
1	38	A	1	-17.5136	0.0467923	-12.2939	0.180783	0.539772	1.75806	1.15404	0.771673
1	38	B	1	-6.62408	0.0468928	-0.21383	0.180848	0.658957	1.08436	39.3707	6.02256
1	38	A	2	-14.5095	0.0723644	-14.5193	0.107565	0.543017	1.15706	1.59504	1.04994
1	38	B	2	-3.47389	0.0724194	-2.93348	0.107628	0.674527	0.899237	42.0564	10.2887
1	38	A	3	-10.0523	0.0371667	-6.37347	0.0915363	0.439659	1.01025	1.02957	1.09775
1	38	B	3	1.06531	0.0372441	4.89778	0.0915988	0.609837	0.874716	42.771	15.6391
1	38	A	4	-13.7177	0.0361152	-16.2527	0.0811473	0.38265	0.842073	1.58192	0.871075
1	38	B	4	-2.72663	0.0362109	-4.95299	0.0812068	0.648305	0.78443	37.3657	9.12445
# Time calibration constants
# For side A we apply only the correction from refference detector, for side B the correction is equal to the sum of the A-B
# correction and offset with respect to the refference detector. For side A we report the sigmas and chi2/ndf for fit to the time difference spectra with refference detector
# while the same quality variables for fits to the A-B time difference are given for B side section
# Description of the parameters: layer(1-3) | slot(1-48/96) | side(A-B) | threshold(1-4) | offset_value_leading | offset_uncertainty_leading | offset_value_trailing | offset_uncertainty_trailing | sigma_offset_leading | sigma_offset_trailing | (chi2/ndf)_leading | (chi2/ndf)_trailing
# Calibration started on Feb  9 2017 at 15:23:37
1	9	A	1	-14.9081	0.0368325	-10.636	0.0889961	0.589728	1.37798	1.12146	0.826712
1	9	B	1	-7.95761	0.0369058	-6.25727	0.0890589	0.727985	1.06822	46.938	7.12416
1	9	A	2	-15.7281	0.032247	-10.6861	0.073658	0.528912	1.17321	1.67312	1.12015
1	9	B	2	-8.70177	0.0323228	-5.71817	0.0737039	0.748518	0.885593	50.2908	11.9721
1	9	A	3	-16.4025	0.029218	-14.2868	0.0685229	0.500266	1.11817	1.39356	0.929504
1	9	B	3	-9.31813	0.0292989	-9.56099	0.0685647	0.747097	0.821061	49.4854	15.5788
1	9	A	4	-16.1993	0.0333668	-11.1791	0.0554689	0.52675	0.847807	1.12681	1.22922
1	9	B	4	-9.14544	0.033438	-6.35999	0.0555183	0.74339	0.789395	41.9714	16.9901
# Calibration started on Feb  9 2017 at 15:23:37
1	11	A	1	-9.79502	0.0443349	-6.94747	0.203396	0.476623	1.79883	1.20166	0.851798
1	11	B	1	-8.03688	0.0444466	-6.89157	0.203456	0.714905	1.15048	25.4103	5.00181
1	11	A	2	-9.12648	0.0469377	-4.26909	0.138295	0.499227	1.35692	1.18075	0.928213
1	11	B	2	-7.39882	0.0470319	-4.73866	0.138345	0.738705	0.932037	26.1053	8.81473
1	11	A	3	-9.26559	0.046682	-1.83448	0.101436	0.587809	1.12639	1.05045	0.891202
1	11	B	3	-7.58126	0.0467689	-2.38483	0.101489	0.727776	0.842911	27.7122	11.2335
1	11	A	4	-9.64648	0.0582489	-8.93099	0.125807	0.6529	1.13815	0.839695	0.889006
1	11	B	4	-7.80643	0.0583235	-9.36023	0.125844	0.728486	0.751629	22.9658	11.1033
# Calibration started on Feb  9 2017 at 15:23:37
1	21	A	1	-11.5706	0.0391551	-6.4684	0.269519	0.458794	2.35039	1.32228	0.716795
1	21	B	1	-8.23694	0.0392573	-3.33312	0.269566	0.668325	1.21464	30.3583	3.38815
1	21	A	2	-12.2303	0.0391723	-6.98406	0.10515	0.540539	1.24993	1.03662	0.966605
1	21	B	2	-8.72663	0.0392684	-4.40016	0.105226	0.701833	0.999793	29.7434	16.0233
1	21	A	3	-12.9392	0.0365133	-10.8286	0.0656384	0.48854	0.753363	0.771293	1.2009
1	21	B	3	-9.53661	0.0366152	-8.0634	0.0657473	0.697498	0.927024	31.7758	16.3338
1	21	A	4	-12.6145	0.0742915	-7.93948	0.0882553	0.755037	0.921076	1.12723	0.904465
1	21	B	4	-9.17073	0.0743453	-5.37218	0.0883492	0.706273	0.882066	25.5248	35.5102
# Calibration started on Feb  9 2017 at 15:23:37
1	39	A	1	-17.3779	0.039561	-12.1887	0.128087	0.556551	1.52317	1.12614	0.95721
1	39	B	1	-11.5028	0.039656	-5.99203	0.128158	0.640953	1.02841	37.6042	6.9558
1	39	A	2	-16.0314	0.0411728	-11.8986	0.131433	0.608321	1.3618	0.822114	1.13787
1	39	B	2	-10.1101	0.0412541	-5.91318	0.131473	0.659124	0.8405	42.7968	9.31317
1	39	A	3	-14.8845	0.0414723	-12.0212	0.0997442	0.596238	1.20073	0.884518	0.941387
1	39	B	3	-8.97991	0.0415494	-6.0436	0.0997877	0.652247	0.777238	42.4167	11.7419
1	39	A	4	-15.6772	0.0570294	-16.3111	0.143677	0.652875	1.43679	0.933853	0.909305
1	39	B	4	-9.59143	0.057089	-9.92008	0.143703	0.652007	0.693649	39.8391	14.0252
# Time calibration constants
# For side A we apply only the correction from refference detector, for side B the correction is equal to the sum of the A-B
# correction and offset with respect to the refference detector. For side A we report the sigmas and chi2/ndf for fit to the time difference spectra with refference detector
# while the same quality variables for fits to the A-B time difference are given for B side section
# Description of the parameters: layer(1-3) | slot(1-48/96) | side(A-B) | threshold(1-4) | offset_value_leading | offset_uncertainty_leading | offset_value_trailing | offset_uncertainty_trailing | sigma_offset_leading | sigma_offset_trailing | (chi2/ndf)_leading | (chi2/ndf)_trailing
# Calibration started on Feb  9 2017 at 15:23:37
1	9	A	1	-14.9081	0.0368325	-10.636	0.0889961	0.589728	1.37798	1.12146	0.826712
1	9	B	1	-7.95761	0.0369058	-6.25727	0.0890589	0.727985	1.06822	46.938	7.12416
1	9	A	2	-15.7281	0.032247	-10.6861	0.073658	0.528912	1.17321	1.67312	1.12015
1	9	B	2	-8.70177	0.0323228	-5.71817	0.0737039	0.748518	0.885593	50.2908	11.9721
1	9	A	3	-16.4025	0.029218	-14.2868	0.0685229	0.500266	1.11817	1.39356	0.929504
1	9	B	3	-9.31813	0.0292989	-9.56099	0.0685647	0.747097	0.821061	49.4854	15.5788
1	9	A	4	-16.1993	0.0333668	-11.1791	0.0554689	0.52675	0.847807	1.12681	1.22922
1	9	B	4	-9.14544	0.033438	-6.35999	0.0555183	0.74339	0.789395	41.9714	16.9901
# Calibration started on Feb  9 2017 at 15:23:37
1	11	A	1	-9.79502	0.0443349	-6.94747	0.203396	0.476623	1.79883	1.20166	0.851798
1	11	B	1	-8.03688	0.0444466	-6.89157	0.203456	0.714905	1.15048	25.4103	5.00181
1	11	A	2	-9.12648	0.0469377	-4.26909	0.138295	0.499227	1.35692	1.18075	0.928213
1	11	B	2	-7.39882	0.0470319	-4.73866	0.138345	0.738705	0.932037	26.1053	8.81473
1	11	A	3	-9.26559	0.046682	-1.83448	0.101436	0.587809	1.12639	1.05045	0.891202
1	11	B	3	-7.58126	0.0467689	-2.38483	0.101489	0.727776	0.842911	27.7122	11.2335
1	11	A	4	-9.64648	0.0582489	-8.93099	0.125807	0.6529	1.13815	0.839695	0.889006
1	11	B	4	-7.80643	0.0583235	-9.36023	0.125844	0.728486	0.751629	22.9658	11.1033
# Calibration started on Feb  9 2017 at 15:23:37
1	21	A	1	-11.5706	0.0391551	-6.4684	0.269519	0.458794	2.35039	1.32228	0.716795
1	21	B	1	-8.23694	0.0392573	-3.33312	0.269566	0.668325	1.21464	30.3583	3.38815
1	21	A	2	-12.2303	0.0391723	-6.98406	0.10515	0.540539	1.24993	1.03662	0.966605
1	21	B	2	-8.72663	0.0392684	-4.40016	0.105226	0.701833	0.999793	29.7434	16.0233
1	21	A	3	-12.9392	0.0365133	-10.8286	0.0656384	0.48854	0.753363	0.771293	1.2009
1	21	B	3	-9.53661	0.0366152	-8.0634	0.0657473	0.697498	0.927024	31.7758	16.3338
1	21	A	4	-12.6145	0.0742915	-7.93948	0.0882553	0.755037	0.921076	1.12723	0.904465
1	21	B	4	-9.17073	0.0743453	-5.37218	0.0883492	0.706273	0.882066	25.5248	35.5102
# Calibration started on Feb  9 2017 at 15:23:37
1	39	A	1	-17.3779	0.039561	-12.1887	0.128087	0.556551	1.52317	1.12614	0.95721
1	39	B	1	-11.5028	0.039656	-5.99203	0.128158	0.640953	1.02841	37.6042	6.9558
1	39	A	2	-16.0314	0.0411728	-11.8986	0.131433	0.608321	1.3618	0.822114	1.13787
1	39	B	2	-10.1101	0.0412541	-5.91318	0.131473	0.659124	0.8405	42.7968	9.31317
1	39	A	3	-14.8845	0.0414723	-12.0212	0.0997442	0.596238	1.20073	0.884518	0.941387
1	39	B	3	-8.97991	0.0415494	-6.0436	0.0997877	0.652247	0.777238	42.4167	11.7419
1	39	A	4	-15.6772	0.0570294	-16.3111	0.143677	0.652875	1.43679	0.933853	0.909305
1	39	B	4	-9.59143	0.057089	-9.92008	0.143703	0.652007	0.693649	39.8391	14.0252
# Time calibration constants
# For side A we apply only the correction from refference detector, for side B the correction is equal to the sum of the A-B
# correction and offset with respect to the refference detector. For side A we report the sigmas and chi2/ndf for fit to the time difference spectra with refference detector
# while the same quality variables for fits to the A-B time difference are given for B side section
# Description of the parameters: layer(1-3) | slot(1-48/96) | side(A-B) | threshold(1-4) | offset_value_leading | offset_uncertainty_leading | offset_value_trailing | offset_uncertainty_trailing | sigma_offset_leading | sigma_offset_trailing | (chi2/ndf)_leading | (chi2/ndf)_trailing
# Calibration started on Feb  9 2017 at 15:23:37
1	13	A	1	-11.7313	0.0489323	-8.70221	0.239996	0.522235	2.20455	1.18859	0.822669
1	13	B	1	-8.22693	0.0490229	-6.35306	0.24006	0.67802	1.29881	30.6644	3.20758
1	13	A	2	-10.4775	0.0500249	-9.79431	0.144489	0.585112	1.53914	1.26133	1.08418
1	13	B	2	-6.98746	0.0501046	-7.48357	0.144543	0.700823	0.996991	32.9467	11.6322
1	13	A	3	-10.1761	0.0371059	-9.74629	0.0956426	0.420391	0.900081	1.5133	1.13013
1	13	B	3	-6.662	0.0372073	-7.62745	0.0957063	0.690201	0.894302	34.6993	13.0182
1	13	A	4	-11.0388	0.0410786	-16.8533	0.176636	0.420395	1.61782	1.38709	0.92531
1	13	B	4	-7.56706	0.0411786	-14.6573	0.176667	0.70328	0.830274	29.124	10.5672
# Calibration started on Feb  9 2017 at 15:23:37
1	14	A	1	-11.5306	0.0519293	-7.77617	0.166831	0.590051	1.66078	0.800059	0.821263
1	14	B	1	-8.01688	0.0520057	-5.44904	0.16689	0.670408	1.08932	33.5022	3.74889
1	14	A	2	-8.51543	0.0402577	-10.1784	0.113797	0.503654	1.28137	1.16296	0.940957
1	14	B	2	-5.28932	0.0403518	-7.86401	0.113848	0.70889	0.887036	36.5006	9.85637
1	14	A	3	-4.00626	0.0436067	-2.29002	0.0838817	0.502465	0.985562	1.37696	0.917875
1	14	B	3	-0.778251	0.0436808	-0.293989	0.0839399	0.6629	0.832458	33.2761	20.2245
1	14	A	4	-7.59201	0.0434127	-11.9537	0.131929	0.475391	1.21364	0.981794	0.978675
1	14	B	4	-4.23535	0.0434988	-9.80172	0.131961	0.695909	0.741681	28.4578	13.8939
# Calibration started on Feb  9 2017 at 15:23:37
1	15	A	1	-8.73333	0.0589022	-6.0068	0.294014	0.632866	2.34562	1.12471	0.687324
1	15	B	1	-4.92948	0.0589845	-2.32175	0.294063	0.708302	1.25077	24.4803	1.99007
1	15	A	2	-7.50557	0.0698926	-5.87656	0.152964	0.723176	1.54294	1.08002	0.559088
1	15	B	2	-3.58912	0.0699504	-2.8213	0.153022	0.710455	1.04455	29.0364	7.63216
1	15	A	3	-6.46232	0.059088	-6.11582	0.194459	0.636608	1.75186	0.807293	0.776071
1	15	B	3	-2.56711	0.0591525	-3.30216	0.194497	0.701595	0.933079	28.9178	19.9407
1	15	A	4	-7.4698	0.0772986	-10.3025	0.303145	0.754149	1.99057	0.541456	0.870595
1	15	B	4	-3.54432	0.0773533	-7.20996	0.303168	0.71998	0.890873	24.777	14.8278
# Calibration started on Feb  9 2017 at 15:23:37
1	22	A	1	-12.5983	0.0466028	-5.16943	0.167371	0.557174	1.7783	0.893224	0.779821
1	22	B	1	-9.39252	0.0467038	-3.45828	0.167457	0.709807	1.277	32.7003	6.27001
1	22	A	2	-12.2288	0.0485707	-12.8366	0.129378	0.584493	1.34838	0.787254	0.855399
1	22	B	2	-9.08735	0.0486611	-11.077	0.129438	0.729401	0.993811	33.7325	11.5276
1	22	A	3	-8.41587	0.0550091	-5.22652	0.161093	0.58503	1.30336	1.25509	1.27283
1	22	B	3	-5.54793	0.0550795	-3.44198	0.161133	0.698796	0.912046	32.9548	28.149
1	22	A	4	-7.31409	0.0768442	-5.54191	0.138851	0.641893	1.23409	1.16291	0.60989
1	22	B	4	-4.48596	0.0768988	-3.71219	0.138894	0.713702	0.860054	28.8626	17.4843
# Calibration started on Feb  9 2017 at 15:23:37
1	12	A	1	-11.9242	0.0376019	-5.1134	0.147016	0.484556	1.64496	1.29311	0.964939
1	12	B	1	-10.2548	0.0377207	-5.65121	0.147097	0.697944	1.16462	27.5265	4.20915
1	12	A	2	-12.3534	0.0339206	-5.36483	0.0743092	0.464519	0.954838	1.24364	0.91141
1	12	B	2	-10.6231	0.0340385	-5.90809	0.0743965	0.728422	0.939269	32.1574	12.5713
1	12	A	3	-11.0629	0.0311956	-6.07378	0.105718	0.405804	1.09943	1.24156	1.41714
1	12	B	3	-9.43624	0.0313187	-6.58997	0.105771	0.713111	0.86907	30.1723	11.8553
1	12	A	4	-10.0179	0.0467978	-6.24422	0.079853	0.500689	0.808019	1.28748	1.02501
1	12	B	4	-8.43381	0.0468884	-7.03964	0.0799085	0.736895	0.758482	24.7513	18.029
# Calibration started on Feb  9 2017 at 15:23:37
1	7	A	1	-16.3095	0.0493735	-11.6503	0.188038	0.665504	2.01326	1.47809	1.08407
1	7	B	1	-8.90792	0.0494263	-5.78801	0.188074	0.707139	1.17688	54.1328	2.47277
1	7	A	2	-13.3844	0.0436273	-10.991	0.0945303	0.638363	1.2553	1.26466	1.14136
1	7	B	2	-6.18447	0.0436848	-5.27425	0.0945761	0.740413	0.988462	52.0984	5.20832
1	7	A	3	-13.7351	0.0473555	-15.5141	0.101043	0.651568	1.28303	1.25445	1.08565
1	7	B	3	-6.56663	0.0474059	-9.66894	0.101082	0.735645	0.934479	50.9106	12.38
1	7	A	4	-12.936	0.0772505	-12.3099	0.200177	0.910021	1.92477	1.10929	1.09074
1	7	B	4	-5.74283	0.0772837	-6.76795	0.200194	0.747331	0.855253	43.1	15.4858
# Calibration started on Feb  9 2017 at 15:23:37
1	40	A	1	-17.5377	0.0546533	-20.2729	0.260973	0.561089	2.2206	0.967944	0.772156
1	40	B	1	-11.8469	0.0547369	-13.8901	0.26103	0.676221	1.24977	32.0237	7.87607
1	40	A	2	-18.142	0.0603227	-21.6807	0.214593	0.607885	1.73755	1.13144	0.945416
1	40	B	2	-12.4176	0.0603936	-15.5972	0.214628	0.702086	0.955839	36.6191	10.2608
1	40	A	3	-16.775	0.0500154	-19.0568	0.158393	0.592606	1.49615	0.878498	1.03416
1	40	B	3	-10.916	0.0500895	-13.0175	0.158431	0.683909	0.896576	44.0483	11.5953
1	40	A	4	-18.5908	0.0608565	-16.5302	0.167868	0.579686	1.42719	1.23306	0.904886
1	40	B	4	-12.8598	0.0609262	-10.6059	0.167899	0.72632	0.823309	33.3717	8.54456
# Calibration started on Feb  9 2017 at 15:23:37
1	8	A	1	-14.3313	0.0309324	-13.1872	0.078145	0.501507	1.29431	1.70464	1.06506
1	8	B	1	-7.05329	0.0310113	-7.71321	0.0782095	0.695909	1.02683	54.3598	3.3163
1	8	A	2	-16.6577	0.026866	-14.9267	0.0597368	0.507161	1.03625	1.36761	1.28873
1	8	B	2	-9.201	0.0269418	-9.43419	0.0597873	0.697589	0.869067	62.7459	6.4436
1	8	A	3	-16.2876	0.02852	-12.7372	0.056162	0.497289	0.944417	1.41394	1.15887
1	8	B	3	-8.8954	0.0285868	-7.48993	0.0562089	0.693403	0.832708	64.7526	7.38953
1	8	A	4	-16.5488	0.0289069	-13.162	0.0734593	0.488711	1.11583	1.50065	1.28764
1	8	B	4	-9.0799	0.0289775	-7.93059	0.0734896	0.712539	0.750363	56.4155	12.5715
# Time calibration constants
# For side A we apply only the correction from refference detector, for side B the correction is equal to the sum of the A-B
# correction and offset with respect to the refference detector. For side A we report the sigmas and chi2/ndf for fit to the time difference spectra with refference detector
# while the same quality variables for fits to the A-B time difference are given for B side section
# Description of the parameters: layer(1-3) | slot(1-48/96) | side(A-B) | threshold(1-4) | offset_value_leading | offset_uncertainty_leading | offset_value_trailing | offset_uncertainty_trailing | sigma_offset_leading | sigma_offset_trailing | (chi2/ndf)_leading | (chi2/ndf)_trailing
# Calibration started on Feb  9 2017 at 15:23:37
1	23	A	1	-9.22515	0.0544225	-6.92284	0.203667	0.620026	1.88081	1.02309	0.757147
1	23	B	1	-6.16751	0.0545125	-4.81224	0.203748	0.69203	1.30892	27.366	4.57551
1	23	A	2	-8.5176	0.0589375	-4.17641	0.177487	0.593354	0.977726	1.17238	1.10532
1	23	B	2	-5.43544	0.059018	-2.2648	0.177537	0.727318	1.01955	27.202	12.193
1	23	A	3	-8.6693	0.0580796	-1.50052	0.0773824	0.65763	0.859318	1.06376	0.929937
1	23	B	3	-5.6983	0.0581534	0.186338	0.0774727	0.712302	0.927439	28.887	16.7077
1	23	A	4	-9.25098	0.0604911	-9.01707	0.159906	0.549068	1.27098	1.12174	0.772414
1	23	B	4	-6.10282	0.0605677	-7.02454	0.159946	0.720378	0.861939	23.2344	17.1976
# Calibration started on Feb  9 2017 at 15:23:37
1	27	A	1	-8.76219	0.0626646	-4.08919	0.215397	0.586264	2.04506	1.49436	0.821967
1	27	B	1	-7.52973	0.0627405	-4.78412	0.215442	0.719949	1.04566	22.7961	6.07853
1	27	A	2	-7.5694	0.0355781	-3.60158	0.103067	0.481763	1.21448	0.944033	0.874805
1	27	B	2	-6.58519	0.0356974	-4.36288	0.103127	0.742412	0.902478	24.8952	8.53834
1	27	A	3	-6.27247	0.0384406	-3.53226	0.0970363	0.477804	1.08393	1.01536	1.10532
1	27	B	3	-5.22073	0.0385456	-4.04706	0.0970932	0.73299	0.864376	23.8025	6.97147
1	27	A	4	-7.42314	0.107763	-8.27502	0.157976	0.806182	1.39856	1.60089	0.969864
1	27	B	4	-6.52844	0.107805	-8.72179	0.158007	0.754005	0.792051	20.8389	6.90161
# Calibration started on Feb  9 2017 at 15:23:37
1	34	A	1	-19.3469	0.0802383	-9.69563	0.316289	0.744962	2.51005	1.12276	0.701949
1	34	B	1	-10.3139	0.0803108	-2.97346	0.316355	0.716073	1.42872	32.9618	2.89308
1	34	A	2	-19.0023	0.0424513	-17.6336	0.269573	0.510787	2.28827	0.680738	0.619775
1	34	B	2	-10.0208	0.0425707	-10.5532	0.269619	0.724472	1.16546	34.9782	5.89845
1	34	A	3	-14.998	0.0488941	-9.4841	0.208274	0.600088	1.93084	0.75383	1.05348
1	34	B	3	-5.82353	0.0489848	-2.18615	0.208326	0.708843	1.092	36.203	18.3944
1	34	A	4	-13.6716	0.0527569	-9.69047	0.17821	0.586932	1.57894	0.868718	0.850312
1	34	B	4	-4.45806	0.0528436	-2.27107	0.178271	0.723382	1.04853	30.9379	20.3865
# Calibration started on Feb  9 2017 at 15:23:37
1	41	A	1	-18.6248	0.0638818	-15.5831	0.267685	0.600186	2.17656	1.43367	1.06257
1	41	B	1	-12.4388	0.0639499	-8.96566	0.267732	0.652268	1.14315	42.0565	5.33306
1	41	A	2	-18.17	0.0449805	-12.8039	0.115753	0.535713	1.22394	1.19294	0.747329
1	41	B	2	-11.8546	0.0450643	-6.13689	0.11581	0.670426	0.907015	44.624	9.46076
1	41	A	3	-17.6465	0.0409952	-13.9094	0.0952514	0.512582	1.02729	1.2889	0.915245
1	41	B	3	-11.4658	0.0410861	-7.47376	0.0953086	0.678036	0.836333	42.6164	9.77471
1	41	A	4	-17.0552	0.0474701	-15.2752	0.10313	0.505135	1.04828	1.30136	1.15138
1	41	B	4	-10.7942	0.0475506	-8.72909	0.103175	0.679114	0.76311	41.6004	12.4361
# Calibration started on Feb  9 2017 at 15:23:37
1	48	A	1	-19.9711	0.0493134	-11.2873	0.201627	0.512665	1.81214	1.90389	0.7117
1	48	B	1	-13.908	0.0494084	-3.62863	0.201715	0.678361	1.35149	38.3661	3.88952
1	48	A	2	-20.3203	0.0547852	-11.3426	0.178361	0.59971	1.56821	0.938236	0.759408
1	48	B	2	-14.2504	0.054869	-3.89793	0.178465	0.716645	1.17347	40.2099	39.8281
1	48	A	3	-19.1402	0.055387	-12.28	0.193794	0.560677	1.54148	0.639055	0.853997
1	48	B	3	-13.0087	0.0554653	-5.15982	0.193877	0.699193	1.07682	37.0258	43.623
1	48	A	4	-18.3492	0.075114	-12.4611	0.276534	0.654678	1.71842	0.690706	1.00505
1	48	B	4	-12.1606	0.0751753	-5.63427	0.276573	0.714832	0.912966	33.2988	48.0919
# Time calibration constants
# For side A we apply only the correction from refference detector, for side B the correction is equal to the sum of the A-B
# correction and offset with respect to the refference detector. For side A we report the sigmas and chi2/ndf for fit to the time difference spectra with refference detector
# while the same quality variables for fits to the A-B time difference are given for B side section
# Description of the parameters: layer(1-3) | slot(1-48/96) | side(A-B) | threshold(1-4) | offset_value_leading | offset_uncertainty_leading | offset_value_trailing | offset_uncertainty_trailing | sigma_offset_leading | sigma_offset_trailing | (chi2/ndf)_leading | (chi2/ndf)_trailing
# Calibration started on Feb  9 2017 at 15:23:37
1	24	A	1	-11.2871	0.0641314	-5.08942	0.201738	0.620231	2.0247	1.1677	0.784378
1	24	B	1	-8.509	0.0641995	-3.7254	0.201813	0.668659	1.29764	34.6555	4.90534
1	24	A	2	-11.8164	0.0515355	-5.2471	0.0921539	0.558322	0.992862	1.38761	1.03998
1	24	B	2	-8.99816	0.0516184	-4.14994	0.0922487	0.708139	1.01266	33.6715	21.0153
1	24	A	3	-10.4578	0.0536433	-5.77708	0.110085	0.586507	1.05268	1.17837	1.00154
1	24	B	3	-7.72813	0.0537185	-4.38232	0.110151	0.681805	0.916658	34.0333	18.628
1	24	A	4	-9.8304	0.0682287	-6.15329	0.161279	0.667377	1.1895	0.793139	0.719269
1	24	B	4	-7.19703	0.0682913	-5.04786	0.161317	0.685859	0.804578	30.2566	20.2589
# Calibration started on Feb  9 2017 at 15:23:37
1	28	A	1	-9.41419	0.0367847	-11.9381	0.198229	0.440471	1.9496	1.33268	0.556435
1	28	B	1	-7.91696	0.0369251	-12.5005	0.198312	0.726434	1.31905	22.9901	3.13881
1	28	A	2	-10.0302	0.0399185	-13.6591	0.129098	0.482983	1.37722	1.07463	0.809902
1	28	B	2	-8.52049	0.0400478	-13.7267	0.129165	0.771502	1.01242	22.7993	3.5467
1	28	A	3	-8.69627	0.0410234	-11.1552	0.101678	0.460371	1.04288	1.02918	1.01669
1	28	B	3	-7.26485	0.0411395	-11.3091	0.101756	0.759066	0.988857	22.4133	4.05023
1	28	A	4	-10.3978	0.0561163	-8.69817	0.120329	0.578559	1.15592	1.02514	0.761846
1	28	B	4	-8.89461	0.0562049	-8.84015	0.12039	0.758037	0.924069	21.1032	4.22784
# Calibration started on Feb  9 2017 at 15:23:37
1	35	A	1	-15.4508	0.0460542	-10.5079	0.168031	0.544543	1.75618	1.15546	0.790916
1	35	B	1	-6.09025	0.0461567	-2.3145	0.168108	0.694937	1.19178	30.2984	4.55644
1	35	A	2	-14.6736	0.0395079	-7.75415	0.0925033	0.549673	1.18961	0.94433	0.884962
1	35	B	2	-5.55855	0.0396014	-0.220594	0.092583	0.684948	0.994009	38.9494	7.2048
1	35	A	3	-14.9285	0.0403699	-5.34039	0.0842674	0.561253	1.12308	1.08606	0.792618
1	35	B	3	-5.57866	0.04046	2.25719	0.0843412	0.696333	0.940757	38.247	6.51465
1	35	A	4	-15.4538	0.0499023	-12.551	0.104055	0.597334	1.12471	0.903575	1.13085
1	35	B	4	-6.11682	0.0499848	-4.60577	0.104109	0.712329	0.851507	31.8562	10.867
# Calibration started on Feb  9 2017 at 15:23:37
1	42	A	1	-20.0396	0.0569218	-22.5655	0.218097	0.604246	2.0113	1.23515	0.790009
1	42	B	1	-14.4687	0.0570081	-16.707	0.21816	0.699652	1.21464	30.163	8.81884
1	42	A	2	-20.2529	0.036928	-16.7757	0.112459	0.475956	1.3046	1.11786	0.986846
1	42	B	2	-14.6689	0.037052	-11.2394	0.112533	0.730864	1.00855	35.0497	8.24747
1	42	A	3	-20.5117	0.0338717	-19.2428	0.0806959	0.411898	0.976293	1.05044	0.839187
1	42	B	3	-14.8751	0.033993	-13.5176	0.0807882	0.70737	0.985116	36.4906	9.66212
1	42	A	4	-20.1708	0.0435377	-15.8793	0.138791	0.538155	1.41026	0.918476	1.10513
1	42	B	4	-14.5128	0.0436345	-9.94757	0.138839	0.717913	0.931457	34.9792	9.64877
# Calibration started on Feb  9 2017 at 15:23:37
1	47	A	1	-17.9251	0.056618	-13.5029	0.202229	0.67392	1.9116	0.735891	0.633846
1	47	B	1	-11.6247	0.0567071	-5.0283	0.202328	0.701606	1.43073	38.6918	4.68323
1	47	A	2	-17.2288	0.0532497	-10.6487	0.14888	0.590237	1.44397	1.06045	0.782637
1	47	B	2	-11.0132	0.0533418	-2.40077	0.149026	0.722695	1.33173	35.4281	31.0685
1	47	A	3	-17.4631	0.052955	-7.67473	0.138293	0.588929	1.32391	1.24237	0.974271
1	47	B	3	-11.0262	0.0530385	0.420252	0.138446	0.705603	1.25497	39.4688	40.7651
1	47	A	4	-17.7942	0.102153	-15.1923	0.267276	0.949206	1.962	0.70137	0.821959
1	47	B	4	-11.4164	0.1022	-7.76246	0.267365	0.7063	1.15781	35.4068	58.7826
# Time calibration constants
# For side A we apply only the correction from refference detector, for side B the correction is equal to the sum of the A-B
# correction and offset with respect to the refference detector. For side A we report the sigmas and chi2/ndf for fit to the time difference spectra with refference detector
# while the same quality variables for fits to the A-B time difference are given for B side section
# Description of the parameters: layer(1-3) | slot(1-48/96) | side(A-B) | threshold(1-4) | offset_value_leading | offset_uncertainty_leading | offset_value_trailing | offset_uncertainty_trailing | sigma_offset_leading | sigma_offset_trailing | (chi2/ndf)_leading | (chi2/ndf)_trailing
# Calibration started on Feb  9 2017 at 15:23:37
1	25	A	1	-11.8805	0.0482691	-6.91414	0.235054	0.579678	2.07631	1.02455	0.844099
1	25	B	1	-10.6513	0.0483714	-7.03596	0.235115	0.721844	1.24532	23.984	3.14377
1	25	A	2	-10.6649	0.0443119	-7.77298	0.134675	0.556218	1.46821	1.21297	0.923805
1	25	B	2	-9.44646	0.0444105	-8.10717	0.134734	0.743776	1.01382	24.709	5.63494
1	25	A	3	-10.2453	0.0564432	-7.83635	0.16102	0.684254	1.60849	0.711049	0.906186
1	25	B	3	-8.95985	0.0565205	-8.22057	0.161061	0.743898	0.935971	24.4511	5.51281
1	25	A	4	-11.3801	0.0739367	-14.782	0.20248	0.697856	1.71962	0.931465	0.813395
1	25	B	4	-10.025	0.0739986	-15.0815	0.202508	0.74979	0.85192	21.8369	5.20045
# Calibration started on Feb  9 2017 at 15:23:37
1	29	A	1	-10.421	0.0441483	-7.57563	0.186492	0.509331	1.74836	0.905986	0.919655
1	29	B	1	-9.49184	0.0442666	-8.15212	0.186558	0.73389	1.14051	19.5418	4.17156
1	29	A	2	-9.82418	0.0367607	-4.60188	0.161764	0.48489	1.53571	0.660353	1.43529
1	29	B	2	-8.70656	0.0368931	-5.48883	0.161809	0.765995	0.941803	19.2267	9.53124
1	29	A	3	-9.47093	0.0394935	-5.82354	0.133847	0.468392	1.24289	0.999264	1.20689
1	29	B	3	-8.42626	0.039611	-6.5116	0.133893	0.75262	0.8655	20.1107	7.48482
1	29	A	4	-8.73401	0.0547284	-7.39478	0.239936	0.570164	1.70979	1.01113	0.946751
1	29	B	4	-7.76688	0.0548174	-8.08493	0.239959	0.756836	0.800986	17.9728	8.73909
# Calibration started on Feb  9 2017 at 15:23:37
1	36	A	1	-17.7183	0.0505397	-9.3489	0.187791	0.547471	1.94707	1.30321	0.612317
1	36	B	1	-8.09613	0.0506418	-1.46641	0.187869	0.727014	1.2586	26.7413	3.33894
1	36	A	2	-18.2562	0.040376	-9.26758	0.0937444	0.521631	1.13411	0.918023	0.756439
1	36	B	2	-8.66507	0.040494	-1.47936	0.0938366	0.752412	1.04149	29.8711	9.94669
1	36	A	3	-16.8206	0.0394715	-10.1204	0.0834943	0.518883	0.98263	0.994617	1.12731
1	36	B	3	-7.23838	0.0395819	-1.91589	0.08358	0.730133	0.957863	28.5615	11.3134
1	36	A	4	-15.8408	0.0627482	-10.4245	0.117407	0.637093	1.1294	1.26818	0.57567
1	36	B	4	-6.35624	0.0628249	-2.59609	0.117458	0.750785	0.848477	24.8707	10.4451
# Calibration started on Feb  9 2017 at 15:23:37
1	43	A	1	-21.5686	0.0464602	-14.996	0.269845	0.499374	2.10448	1.21019	0.814654
1	43	B	1	-15.6041	0.0465672	-8.85918	0.269893	0.685978	1.14315	35.8291	4.18832
1	43	A	2	-18.4216	0.054555	-14.0269	0.166835	0.572777	1.49244	0.980119	0.997771
1	43	B	2	-12.4845	0.0546425	-7.98196	0.16688	0.715762	0.924855	35.7057	9.12148
1	43	A	3	-18.7663	0.0589255	-18.5818	0.122263	0.639792	1.1925	0.802044	0.938075
1	43	B	3	-12.8737	0.0590023	-12.508	0.122319	0.70952	0.890104	35.6128	12.2529
1	43	A	4	-18.1444	0.0984538	-14.9632	0.233868	0.817473	1.69508	1.15397	0.817488
1	43	B	4	-12.2655	0.0985009	-8.69202	0.233892	0.717382	0.797274	33.6207	12.6644
# Calibration started on Feb  9 2017 at 15:23:37
1	46	A	1	-20.9982	0.05451	-10.7293	0.378176	0.631761	2.64857	0.640731	0.738321
1	46	B	1	-15.2464	0.0546116	-4.46306	0.378213	0.715014	1.2141	39.3339	6.60873
1	46	A	2	-20.6044	0.0468066	-18.8616	0.160898	0.531407	1.57045	1.07459	0.715468
1	46	B	2	-14.7106	0.0469078	-13.0193	0.160947	0.716724	0.963624	43.4472	11.0946
1	46	A	3	-16.8631	0.0480539	-10.9302	0.0819736	0.564295	0.895015	0.729099	0.890719
1	46	B	3	-11.0621	0.0481362	-4.89629	0.0820494	0.699015	0.89281	36.2996	14.4872
1	46	A	4	-15.5307	0.0774083	-11.5343	0.125054	0.703606	1.1418	0.838341	0.785197
1	46	B	4	-9.69608	0.0774628	-5.68135	0.125097	0.709681	0.81418	34.3088	9.49578
# Time calibration constants
# For side A we apply only the correction from refference detector, for side B the correction is equal to the sum of the A-B
# correction and offset with respect to the refference detector. For side A we report the sigmas and chi2/ndf for fit to the time difference spectra with refference detector
# while the same quality variables for fits to the A-B time difference are given for B side section
# Description of the parameters: layer(1-3) | slot(1-48/96) | side(A-B) | threshold(1-4) | offset_value_leading | offset_uncertainty_leading | offset_value_trailing | offset_uncertainty_trailing | sigma_offset_leading | sigma_offset_trailing | (chi2/ndf)_leading | (chi2/ndf)_trailing
# Calibration started on Feb  9 2017 at 15:23:37
1	26	A	1	-12.206	0.0401948	-6.88675	0.187069	0.440191	1.83836	1.12616	0.582069
1	26	B	1	-10.4345	0.0403254	-6.07573	0.187152	0.734725	1.30112	25.5282	2.68121
1	26	A	2	-8.78601	0.0459698	-9.10668	0.151525	0.53906	1.43144	1.05174	0.794512
1	26	B	2	-6.82612	0.0460886	-8.02889	0.151592	0.786629	1.09996	25.9707	2.49357
1	26	A	3	-4.31664	0.0389305	-0.907862	0.180342	0.460344	1.60541	1.19095	1.12523
1	26	B	3	-2.27414	0.0390357	-0.141011	0.180399	0.711405	1.12794	24.9445	6.89993
1	26	A	4	-8.13417	0.0911234	-10.7588	0.305547	0.789858	2.02276	1.22431	1.08793
1	26	B	4	-6.18001	0.0911776	-9.89882	0.305577	0.746375	1.02011	21.3772	5.66739
# Calibration started on Feb  9 2017 at 15:23:37
1	30	A	1	-11.7958	0.0474574	-14.2434	0.211482	0.500669	1.92986	1.30787	0.76592
1	30	B	1	-10.3307	0.0475774	-14.3229	0.211551	0.728296	1.18451	18.6364	3.00929
1	30	A	2	-12.0684	0.0393887	-8.81166	0.155593	0.482641	1.55783	1.06569	0.9679
1	30	B	2	-10.7123	0.0395197	-8.78563	0.155646	0.753908	0.965013	20.8752	3.60832
1	30	A	3	-12.2946	0.0422153	-11.4512	0.142147	0.500183	1.39673	0.646553	0.819165
1	30	B	3	-10.9248	0.0423311	-11.549	0.142201	0.754821	0.949963	21.0381	4.80551
1	30	A	4	-11.8817	0.0546288	-7.72269	0.165617	0.585682	1.49038	1.13243	0.889886
1	30	B	4	-10.5206	0.0547203	-7.4648	0.165658	0.764565	0.899627	19.5714	4.10086
# Calibration started on Feb  9 2017 at 15:23:37
1	37	A	1	-17.4676	0.046811	-12.0135	0.172405	0.600272	1.87083	1.01227	0.651801
1	37	B	1	-6.23966	0.0468875	-0.448264	0.172469	0.635156	1.1486	47.8354	8.10902
1	37	A	2	-16.242	0.039367	-13.1698	0.108222	0.521491	1.29551	1.5439	1.11604
1	37	B	2	-4.89593	0.0394463	-1.60042	0.108275	0.64228	0.880024	57.2255	22.5583
1	37	A	3	-15.5646	0.0485298	-12.9866	0.12335	0.575322	1.32052	1.59317	1.12054
1	37	B	3	-4.19705	0.0485937	-1.42095	0.123387	0.641822	0.796518	55.6727	21.8823
1	37	A	4	-16.8111	0.0695317	-20.2697	0.16848	0.752656	1.45968	1.1674	0.98728
1	37	B	4	-5.50408	0.0695818	-8.85194	0.168502	0.666635	0.711096	46.1059	19.6365
# Calibration started on Feb  9 2017 at 15:23:37
1	44	A	1	-19.7552	0.0614409	-16.419	0.221518	0.605523	1.95006	1.4253	1.09768
1	44	B	1	-13.5856	0.0615164	-9.97473	0.221572	0.671876	1.11055	40.5775	7.00738
1	44	A	2	-22.2632	0.0364531	-18.4661	0.0880628	0.46826	1.08733	1.34949	0.840157
1	44	B	2	-16.1997	0.0365687	-12.065	0.0881441	0.688192	0.923711	41.8769	8.2212
1	44	A	3	-21.9491	0.0413972	-16.281	0.0796892	0.536655	0.950236	1.03077	0.968493
1	44	B	3	-15.868	0.0414975	-9.89279	0.0797712	0.695407	0.89456	43.5269	11.6626
1	44	A	4	-22.3275	0.0345049	-16.5158	0.0780093	0.390593	0.824385	1.49684	1.1919
1	44	B	4	-16.2311	0.0346282	-10.1324	0.0780764	0.695566	0.78554	39.4776	17.2406
# Calibration started on Feb  9 2017 at 15:23:37
1	45	A	1	-19.8798	0.04531	-13.0938	0.163993	0.48606	1.64351	1.08021	0.813588
1	45	B	1	-14.1259	0.0454228	-6.41419	0.164068	0.70529	1.12239	33.1353	6.50914
1	45	A	2	-20.7018	0.052097	-12.9909	0.245039	0.637288	1.52414	0.756027	1.39069
1	45	B	2	-14.7502	0.0521803	-6.63682	0.245067	0.706229	0.910017	41.109	15.8733
1	45	A	3	-21.4739	0.049828	-17.1838	0.15215	0.649925	1.44541	0.651264	1.3081
1	45	B	3	-15.4948	0.0499134	-10.8688	0.152187	0.7074	0.834259	44.3557	20.4735
1	45	A	4	-21.2463	0.0655572	-14.3123	0.158649	0.679	1.46952	0.949197	0.718835
1	45	B	4	-15.2835	0.0656237	-8.20776	0.158681	0.715931	0.80665	41.612	15.7264
