# Time calibration constants
# For side A we apply only the correction from refference detector, for side B the correction is equal to the sum of the A-B
# correction and offset with respect to the refference detector. For side A we report the sigmas and chi2/ndf for fit to the time difference spectra with refference detector
# while the same quality variables for fits to the A-B time difference are given for B side section
# Description of the parameters: layer(1-3) | slot(1-48/96) | side(A-B) | threshold(1-4) | offset_value_leading | offset_uncertainty_leading | offset_value_trailing | offset_uncertainty_trailing | sigma_offset_leading | sigma_offset_trailing | (chi2/ndf)_leading | (chi2/ndf)_trailing
# Calibration started on Tue Feb 14 18:48:38 2017
1	1	A	1	-14.914	0.0381569	-11.8652	0.0984025	0.58218	1.62257	1.27458	0.869542
1	1	B	1	-8.15364	0.0382128	-7.19369	0.0984575	0.673389	1.10046	58.95	4.23899
1	1	A	2	-13.783	0.0319218	-12.764	0.0647542	0.556163	1.14986	1.70612	0.983724
1	1	B	2	-7.05899	0.0319785	-7.9829	0.0647981	0.690244	0.870512	64.6742	18.5804
1	1	A	3	-13.2608	0.0328881	-12.433	0.0656791	0.530443	1.11919	1.72886	1.31711
1	1	B	3	-6.54053	0.0329428	-7.91087	0.0657133	0.690161	0.781065	61.625	15.0467
1	1	A	4	-14.2961	0.0388832	-19.6719	0.069987	0.630184	1.07088	1.11166	1.33068
1	1	B	4	-7.4996	0.0389337	-14.4976	0.070015	0.705911	0.707327	51.6423	11.7368
1	2	A	1	-14.9924	0.0282532	-11.3116	0.0790806	0.469824	1.32453	1.6316	0.909118
1	2	B	1	-7.71116	0.0283441	-5.41635	0.0791622	0.690823	1.13577	61.462	1.94491
1	2	A	2	-11.9942	0.0294824	-13.5818	0.0592197	0.516935	1.03987	1.38766	1.00385
1	2	B	2	-4.93228	0.0295624	-7.96577	0.0592864	0.728392	0.968397	63.7493	4.8483
1	2	A	3	-7.58806	0.0226289	-5.81829	0.0557783	0.418216	1.00832	1.56622	0.828503
1	2	B	3	-0.687625	0.0227044	-1.12666	0.0558383	0.666787	0.949954	61.7614	18.0168
1	2	A	4	-11.0818	0.0344865	-15.28	0.0565438	0.563025	0.901298	1.13831	1.26114
1	2	B	4	-3.95436	0.0345464	-10.2869	0.0565936	0.705199	0.842385	57.0705	9.08195
1	3	A	1	-12.0664	0.0427866	-9.22903	0.146619	0.656239	1.8937	1.38847	1.3972
1	3	B	1	-5.16861	0.0428358	-4.44226	0.146649	0.668187	0.985368	59.758	9.5285
1	3	A	2	7.21453	2.17976	-8.48986	0.0833704	0.338892	1.22594	6.47692	1.25641
1	3	B	2	13.9481	2.17976	-3.91647	0.0834015	0.69935	0.833277	60.7991	15.7272
1	3	A	3	-12.3906	0.482717	-8.5181	0.0609669	0.0982041	1.01355	7.17857	0.960185
1	3	B	3	-5.61013	0.482721	-3.99928	0.0610025	0.695729	0.768349	62.4644	18.5019
1	3	A	4	-44.5972	0.974033	1.46617	4.66901	61.9331	0.612181	3.06693	4.11111
1	3	B	4	-37.7059	0.974035	6.03282	4.66901	0.707087	0.692575	54.4511	15.527
1	4	A	1	-12.3958	0.0449675	-16.7623	0.122467	0.589653	1.69722	1.78672	1.0198
1	4	B	1	-5.51618	0.0450166	-10.9258	0.122522	0.661452	1.18218	57.1913	7.57659
1	4	A	2	-12.9754	0.038251	-18.5076	0.080614	0.584722	1.23368	1.47708	1.12059
1	4	B	2	-6.02311	0.0383053	-12.7607	0.0806547	0.701455	0.901952	63.1983	6.37205
1	4	A	3	-11.593	0.0282631	-16.1553	0.0852633	0.439683	1.20549	1.42084	0.962375
1	4	B	3	-4.67435	0.0283292	-10.731	0.0852977	0.684956	0.876229	64.9845	8.36229
1	4	A	4	-13.4008	0.0633086	-13.5994	0.0928653	0.720586	1.1897	1.64017	1.02399
1	4	B	4	-6.35166	0.0633425	-8.21025	0.0928935	0.7164	0.798555	55.8101	7.65291
1	5	A	1	-13.5107	0.0464087	-12.5111	0.138527	0.679592	1.72416	0.934415	0.746162
1	5	B	1	-6.3411	0.0464645	-6.54784	0.138579	0.708779	1.21532	56.1261	2.73973
1	5	A	2	-13.0593	0.0391605	-9.61896	0.0966561	0.581552	1.20019	1.19158	1.38787
1	5	B	2	-5.7968	0.0392208	-4.14858	0.0967025	0.727604	1.0139	56.9783	7.07063
1	5	A	3	-12.6444	0.0552028	-11.1879	0.15349	0.762833	1.68305	0.972544	1.49415
1	5	B	3	-5.67469	0.0552464	-6.0294	0.153515	0.742746	0.934347	51.038	14.0145
1	5	A	4	-12.0193	0.0651555	-12.7804	0.152664	0.832503	1.60715	0.610858	1.0304
1	5	B	4	-4.92874	0.0651925	-7.57935	0.152687	0.732752	0.854217	48.2272	16.2258
1	6	A	1	-14.7879	0.0341305	-19.0787	0.108092	0.520361	1.51598	1.14763	1.07735
1	6	B	1	-7.8022	0.0342074	-14.0556	0.108154	0.700003	1.14651	50.7448	5.63191
1	6	A	2	-14.989	0.0401401	-13.395	0.0927559	0.597028	1.06276	0.917567	1.52443
1	6	B	2	-7.98277	0.0402008	-8.594	0.0927938	0.732202	0.896497	54.7925	8.46078
1	6	A	3	-15.2508	0.0385559	-16.1271	0.0821655	0.544337	1.19745	1.23888	0.900364
1	6	B	3	-8.20299	0.0386147	-11.1041	0.0822047	0.726279	0.877298	52.6343	7.52592
1	6	A	4	-14.915	0.053147	-12.3078	0.108439	0.735112	1.3681	0.914745	0.719761
1	6	B	4	-7.97405	0.0531913	-7.41291	0.108466	0.739635	0.831099	47.6086	8.11482
1	7	A	1	-16.3095	0.0493735	-11.6503	0.188038	0.665504	2.01326	1.47809	1.08407
1	7	B	1	-8.90792	0.0494263	-5.78801	0.188074	0.707139	1.17688	54.1328	2.47277
1	7	A	2	-13.3844	0.0436273	-10.991	0.0945303	0.638363	1.2553	1.26466	1.14136
1	7	B	2	-6.18447	0.0436848	-5.27425	0.0945761	0.740413	0.988462	52.0984	5.20832
1	7	A	3	-13.7351	0.0473555	-15.5141	0.101043	0.651568	1.28303	1.25445	1.08565
1	7	B	3	-6.56663	0.0474059	-9.66894	0.101082	0.735645	0.934479	50.9106	12.38
1	7	A	4	-12.936	0.0772505	-12.3099	0.200177	0.910021	1.92477	1.10929	1.09074
1	7	B	4	-5.74283	0.0772837	-6.76795	0.200194	0.747331	0.855253	43.1	15.4858
1	8	A	1	-14.3313	0.0309324	-13.1872	0.078145	0.501507	1.29431	1.70464	1.06506
1	8	B	1	-7.05329	0.0310113	-7.71321	0.0782095	0.695909	1.02683	54.3598	3.3163
1	8	A	2	-16.6577	0.026866	-14.9267	0.0597368	0.507161	1.03625	1.36761	1.28873
1	8	B	2	-9.201	0.0269418	-9.43419	0.0597873	0.697589	0.869067	62.7459	6.4436
1	8	A	3	-16.2876	0.02852	-12.7372	0.056162	0.497289	0.944417	1.41394	1.15887
1	8	B	3	-8.8954	0.0285868	-7.48993	0.0562089	0.693403	0.832708	64.7526	7.38953
1	8	A	4	-16.5488	0.0289069	-13.162	0.0734593	0.488711	1.11583	1.50065	1.28764
1	8	B	4	-9.0799	0.0289775	-7.93059	0.0734896	0.712539	0.750363	56.4155	12.5715
1	9	A	1	-14.9081	0.0368325	-10.636	0.0889961	0.589728	1.37798	1.12146	0.826712
1	9	B	1	-7.95761	0.0369058	-6.25727	0.0890589	0.727985	1.06822	46.938	7.12416
1	9	A	2	-15.7281	0.032247	-10.6861	0.073658	0.528912	1.17321	1.67312	1.12015
1	9	B	2	-8.70177	0.0323228	-5.71817	0.0737039	0.748518	0.885593	50.2908	11.9721
1	9	A	3	-16.4025	0.029218	-14.2868	0.0685229	0.500266	1.11817	1.39356	0.929504
1	9	B	3	-9.31813	0.0292989	-9.56099	0.0685647	0.747097	0.821061	49.4854	15.5788
1	9	A	4	-16.1993	0.0333668	-11.1791	0.0554689	0.52675	0.847807	1.12681	1.22922
1	9	B	4	-9.14544	0.033438	-6.35999	0.0555183	0.74339	0.789395	41.9714	16.9901
1	10	A	1	-15.8383	0.0332699	-8.47824	0.084286	0.477413	1.39669	1.94458	1.02497
1	10	B	1	-8.86734	0.0333473	-3.73458	0.0843545	0.719517	1.10069	51.2922	5.69303
1	10	A	2	-15.4762	0.0265472	-15.6227	0.0651071	0.489741	1.13866	1.48181	1.08271
1	10	B	2	-8.50417	0.026637	-10.4462	0.0651624	0.743049	0.918951	52.9813	9.29173
1	10	A	3	-11.6188	0.0283368	-8.26382	0.0529668	0.52313	0.855424	1.50216	1.48389
1	10	B	3	-4.89401	0.0284094	-3.91048	0.0530221	0.712629	0.851739	48.7021	25.8724
1	10	A	4	-10.5106	0.0360713	-8.64781	0.0655878	0.563059	1.02086	1.54132	1.32477
1	10	B	4	-3.79786	0.0361334	-4.14787	0.0656265	0.7277	0.77165	42.8963	15.1174
1	11	A	1	-9.79502	0.0443349	-6.94747	0.203396	0.476623	1.79883	1.20166	0.851798
1	11	B	1	-8.03688	0.0444466	-6.89157	0.203456	0.714905	1.15048	25.4103	5.00181
1	11	A	2	-9.12648	0.0469377	-4.26909	0.138295	0.499227	1.35692	1.18075	0.928213
1	11	B	2	-7.39882	0.0470319	-4.73866	0.138345	0.738705	0.932037	26.1053	8.81473
1	11	A	3	-9.26559	0.046682	-1.83448	0.101436	0.587809	1.12639	1.05045	0.891202
1	11	B	3	-7.58126	0.0467689	-2.38483	0.101489	0.727776	0.842911	27.7122	11.2335
1	11	A	4	-9.64648	0.0582489	-8.93099	0.125807	0.6529	1.13815	0.839695	0.889006
1	11	B	4	-7.80643	0.0583235	-9.36023	0.125844	0.728486	0.751629	22.9658	11.1033
1	12	A	1	-11.9242	0.0376019	-5.1134	0.147016	0.484556	1.64496	1.29311	0.964939
1	12	B	1	-10.2548	0.0377207	-5.65121	0.147097	0.697944	1.16462	27.5265	4.20915
1	12	A	2	-12.3534	0.0339206	-5.36483	0.0743092	0.464519	0.954838	1.24364	0.91141
1	12	B	2	-10.6231	0.0340385	-5.90809	0.0743965	0.728422	0.939269	32.1574	12.5713
1	12	A	3	-11.0629	0.0311956	-6.07378	0.105718	0.405804	1.09943	1.24156	1.41714
1	12	B	3	-9.43624	0.0313187	-6.58997	0.105771	0.713111	0.86907	30.1723	11.8553
1	12	A	4	-10.0179	0.0467978	-6.24422	0.079853	0.500689	0.808019	1.28748	1.02501
1	12	B	4	-8.43381	0.0468884	-7.03964	0.0799085	0.736895	0.758482	24.7513	18.029
1	13	A	1	-11.7313	0.0489323	-8.70221	0.239996	0.522235	2.20455	1.18859	0.822669
1	13	B	1	-8.22693	0.0490229	-6.35306	0.24006	0.67802	1.29881	30.6644	3.20758
1	13	A	2	-10.4775	0.0500249	-9.79431	0.144489	0.585112	1.53914	1.26133	1.08418
1	13	B	2	-6.98746	0.0501046	-7.48357	0.144543	0.700823	0.996991	32.9467	11.6322
1	13	A	3	-10.1761	0.0371059	-9.74629	0.0956426	0.420391	0.900081	1.5133	1.13013
1	13	B	3	-6.662	0.0372073	-7.62745	0.0957063	0.690201	0.894302	34.6993	13.0182
1	13	A	4	-11.0388	0.0410786	-16.8533	0.176636	0.420395	1.61782	1.38709	0.92531
1	13	B	4	-7.56706	0.0411786	-14.6573	0.176667	0.70328	0.830274	29.124	10.5672
1	14	A	1	-11.5306	0.0519293	-7.77617	0.166831	0.590051	1.66078	0.800059	0.821263
1	14	B	1	-8.01688	0.0520057	-5.44904	0.16689	0.670408	1.08932	33.5022	3.74889
1	14	A	2	-8.51543	0.0402577	-10.1784	0.113797	0.503654	1.28137	1.16296	0.940957
1	14	B	2	-5.28932	0.0403518	-7.86401	0.113848	0.70889	0.887036	36.5006	9.85637
1	14	A	3	-4.00626	0.0436067	-2.29002	0.0838817	0.502465	0.985562	1.37696	0.917875
1	14	B	3	-0.778251	0.0436808	-0.293989	0.0839399	0.6629	0.832458	33.2761	20.2245
1	14	A	4	-7.59201	0.0434127	-11.9537	0.131929	0.475391	1.21364	0.981794	0.978675
1	14	B	4	-4.23535	0.0434988	-9.80172	0.131961	0.695909	0.741681	28.4578	13.8939
1	15	A	1	-8.73333	0.0589022	-6.0068	0.294014	0.632866	2.34562	1.12471	0.687324
1	15	B	1	-4.92948	0.0589845	-2.32175	0.294063	0.708302	1.25077	24.4803	1.99007
1	15	A	2	-7.50557	0.0698926	-5.87656	0.152964	0.723176	1.54294	1.08002	0.559088
1	15	B	2	-3.58912	0.0699504	-2.8213	0.153022	0.710455	1.04455	29.0364	7.63216
1	15	A	3	-6.46232	0.059088	-6.11582	0.194459	0.636608	1.75186	0.807293	0.776071
1	15	B	3	-2.56711	0.0591525	-3.30216	0.194497	0.701595	0.933079	28.9178	19.9407
1	15	A	4	-7.4698	0.0772986	-10.3025	0.303145	0.754149	1.99057	0.541456	0.870595
1	15	B	4	-3.54432	0.0773533	-7.20996	0.303168	0.71998	0.890873	24.777	14.8278
1	16	A	1	-9.19361	0.0765793	-13.1271	0.657328	0.600858	3.47762	1.04603	0.698086
1	16	B	1	-5.75108	0.0766323	-10.3734	0.657349	0.648269	1.20053	31.8106	8.93784
1	16	A	2	-9.82064	0.0466469	-14.9045	0.138316	0.574859	1.37036	0.772934	0.961654
1	16	B	2	-6.31418	0.0467249	-12.5721	0.138359	0.679786	0.892732	35.6806	8.07642
1	16	A	3	-8.56302	0.0631941	-12.6239	0.0911125	0.635539	1.00777	1.64436	0.756336
1	16	B	3	-5.09999	0.063249	-10.2739	0.0911691	0.679063	0.836513	36.5808	10.4512
1	16	A	4	-10.1545	0.0541525	-10.5113	0.169361	0.595066	1.36653	0.575706	0.923569
1	16	B	4	-6.67409	0.0542255	-8.07928	0.169387	0.70591	0.752852	30.4827	8.47307
1	17	A	1	-10.3711	0.0463098	-9.25721	0.147463	0.502735	1.75003	1.45351	0.699464
1	17	B	1	-7.11205	0.0463758	-7.66933	0.14753	0.6713	1.24263	42.7368	5.91054
1	17	A	2	-9.60923	0.0412739	-6.51488	0.11102	0.526	1.26657	1.22988	1.17842
1	17	B	2	-6.40986	0.0413412	-5.17319	0.111072	0.692163	1.01177	43.7682	12.3702
1	17	A	3	-9.20413	0.0372982	-7.92946	0.0980866	0.495494	1.0985	1.00673	1.15395
1	17	B	3	-6.11142	0.0373717	-6.63303	0.0981342	0.689732	0.894839	43.1102	19.6183
1	17	A	4	-8.63003	0.0542242	-9.3494	0.165668	0.637735	1.51134	1.50114	1.23729
1	17	B	4	-5.56844	0.0542751	-7.54581	0.16569	0.688123	0.805824	38.7382	24.9433
1	18	A	1	-11.4342	0.0599738	-15.5375	0.536666	0.570262	2.78323	0.681829	0.851975
1	18	B	1	-7.95806	0.0600562	-12.9957	0.536691	0.681333	1.15672	25.8006	7.53483
1	18	A	2	-11.5579	0.0546423	-10.3057	0.196769	0.546733	1.69646	0.813152	0.653193
1	18	B	2	-8.00153	0.0547244	-7.83688	0.196806	0.711398	0.928201	27.3452	6.81133
1	18	A	3	-11.8232	0.0544329	-12.5814	0.207518	0.568658	1.69385	0.718692	0.771476
1	18	B	3	-8.30927	0.0545085	-10.4963	0.207548	0.699266	0.879103	29.4833	9.69299
1	18	A	4	-11.5649	0.0695855	-9.42241	0.153171	0.701268	1.31845	0.543184	0.695664
1	18	B	4	-8.06356	0.0696487	-6.97917	0.153208	0.711083	0.831692	27.3834	7.38948
1	19	A	1	-12.955	0.0527665	-8.9269	0.19024	0.535256	1.8801	1.23356	0.500197
1	19	B	1	-9.71912	0.0528588	-6.88281	0.190299	0.672967	1.04998	27.4126	5.31832
1	19	A	2	-10.0144	0.0436118	-8.0323	0.170763	0.49935	1.62421	1.10237	0.946831
1	19	B	2	-6.98673	0.0437146	-5.81682	0.170799	0.69473	0.831274	30.5475	8.18939
1	19	A	3	-10.3966	0.0415737	-12.0432	0.0946746	0.444054	0.990435	1.20804	0.871496
1	19	B	3	-7.35608	0.0416722	-9.81579	0.0947346	0.687305	0.795586	30.2976	14.5395
1	19	A	4	-9.49669	0.0381286	-8.81315	0.0701407	0.439862	0.739375	1.08932	1.06473
1	19	B	4	-6.42779	0.0382438	-6.75489	0.070206	0.702404	0.714296	27.9307	14.2142
1	20	A	1	-11.0222	0.0367595	-10.1372	0.122571	0.40891	1.21883	0.990441	0.686563
1	20	B	1	-7.70457	0.036892	-7.74874	0.122659	0.675063	1.03266	26.1877	3.25334
1	20	A	2	-13.2791	0.0354087	-11.7795	0.114513	0.410924	1.15151	1.28932	0.821052
1	20	B	2	-9.75461	0.0355319	-9.05429	0.114567	0.695865	0.841025	27.301	6.83143
1	20	A	3	-13.0789	0.0301303	-9.83907	0.101739	0.342709	1.03139	1.50874	0.980736
1	20	B	3	-9.53966	0.0302672	-7.22875	0.101793	0.693709	0.816348	27.1359	5.13022
1	20	A	4	-13.2764	0.0649643	-10.3628	0.143597	0.647314	1.28042	1.13294	0.758535
1	20	B	4	-9.79276	0.0650311	-8.12975	0.143626	0.700319	0.701453	24.7388	9.84221
1	21	A	1	-11.5706	0.0391551	-6.4684	0.269519	0.458794	2.35039	1.32228	0.716795
1	21	B	1	-8.23694	0.0392573	-3.33312	0.269566	0.668325	1.21464	30.3583	3.38815
1	21	A	2	-12.2303	0.0391723	-6.98406	0.10515	0.540539	1.24993	1.03662	0.966605
1	21	B	2	-8.72663	0.0392684	-4.40016	0.105226	0.701833	0.999793	29.7434	16.0233
1	21	A	3	-12.9392	0.0365133	-10.8286	0.0656384	0.48854	0.753363	0.771293	1.2009
1	21	B	3	-9.53661	0.0366152	-8.0634	0.0657473	0.697498	0.927024	31.7758	16.3338
1	21	A	4	-12.6145	0.0742915	-7.93948	0.0882553	0.755037	0.921076	1.12723	0.904465
1	21	B	4	-9.17073	0.0743453	-5.37218	0.0883492	0.706273	0.882066	25.5248	35.5102
1	22	A	1	-12.5983	0.0466028	-5.16943	0.167371	0.557174	1.7783	0.893224	0.779821
1	22	B	1	-9.39252	0.0467038	-3.45828	0.167457	0.709807	1.277	32.7003	6.27001
1	22	A	2	-12.2288	0.0485707	-12.8366	0.129378	0.584493	1.34838	0.787254	0.855399
1	22	B	2	-9.08735	0.0486611	-11.077	0.129438	0.729401	0.993811	33.7325	11.5276
1	22	A	3	-8.41587	0.0550091	-5.22652	0.161093	0.58503	1.30336	1.25509	1.27283
1	22	B	3	-5.54793	0.0550795	-3.44198	0.161133	0.698796	0.912046	32.9548	28.149
1	22	A	4	-7.31409	0.0768442	-5.54191	0.138851	0.641893	1.23409	1.16291	0.60989
1	22	B	4	-4.48596	0.0768988	-3.71219	0.138894	0.713702	0.860054	28.8626	17.4843
1	23	A	1	-9.22515	0.0544225	-6.92284	0.203667	0.620026	1.88081	1.02309	0.757147
1	23	B	1	-6.16751	0.0545125	-4.81224	0.203748	0.69203	1.30892	27.366	4.57551
1	23	A	2	-8.5176	0.0589375	-4.17641	0.177487	0.593354	0.977726	1.17238	1.10532
1	23	B	2	-5.43544	0.059018	-2.2648	0.177537	0.727318	1.01955	27.202	12.193
1	23	A	3	-8.6693	0.0580796	-1.50052	0.0773824	0.65763	0.859318	1.06376	0.929937
1	23	B	3	-5.6983	0.0581534	0.186338	0.0774727	0.712302	0.927439	28.887	16.7077
1	23	A	4	-9.25098	0.0604911	-9.01707	0.159906	0.549068	1.27098	1.12174	0.772414
1	23	B	4	-6.10282	0.0605677	-7.02454	0.159946	0.720378	0.861939	23.2344	17.1976
1	24	A	1	-11.2871	0.0641314	-5.08942	0.201738	0.620231	2.0247	1.1677	0.784378
1	24	B	1	-8.509	0.0641995	-3.7254	0.201813	0.668659	1.29764	34.6555	4.90534
1	24	A	2	-11.8164	0.0515355	-5.2471	0.0921539	0.558322	0.992862	1.38761	1.03998
1	24	B	2	-8.99816	0.0516184	-4.14994	0.0922487	0.708139	1.01266	33.6715	21.0153
1	24	A	3	-10.4578	0.0536433	-5.77708	0.110085	0.586507	1.05268	1.17837	1.00154
1	24	B	3	-7.72813	0.0537185	-4.38232	0.110151	0.681805	0.916658	34.0333	18.628
1	24	A	4	-9.8304	0.0682287	-6.15329	0.161279	0.667377	1.1895	0.793139	0.719269
1	24	B	4	-7.19703	0.0682913	-5.04786	0.161317	0.685859	0.804578	30.2566	20.2589
1	25	A	1	-11.8805	0.0482691	-6.91414	0.235054	0.579678	2.07631	1.02455	0.844099
1	25	B	1	-10.6513	0.0483714	-7.03596	0.235115	0.721844	1.24532	23.984	3.14377
1	25	A	2	-10.6649	0.0443119	-7.77298	0.134675	0.556218	1.46821	1.21297	0.923805
1	25	B	2	-9.44646	0.0444105	-8.10717	0.134734	0.743776	1.01382	24.709	5.63494
1	25	A	3	-10.2453	0.0564432	-7.83635	0.16102	0.684254	1.60849	0.711049	0.906186
1	25	B	3	-8.95985	0.0565205	-8.22057	0.161061	0.743898	0.935971	24.4511	5.51281
1	25	A	4	-11.3801	0.0739367	-14.782	0.20248	0.697856	1.71962	0.931465	0.813395
1	25	B	4	-10.025	0.0739986	-15.0815	0.202508	0.74979	0.85192	21.8369	5.20045
1	26	A	1	-12.206	0.0401948	-6.88675	0.187069	0.440191	1.83836	1.12616	0.582069
1	26	B	1	-10.4345	0.0403254	-6.07573	0.187152	0.734725	1.30112	25.5282	2.68121
1	26	A	2	-8.78601	0.0459698	-9.10668	0.151525	0.53906	1.43144	1.05174	0.794512
1	26	B	2	-6.82612	0.0460886	-8.02889	0.151592	0.786629	1.09996	25.9707	2.49357
1	26	A	3	-4.31664	0.0389305	-0.907862	0.180342	0.460344	1.60541	1.19095	1.12523
1	26	B	3	-2.27414	0.0390357	-0.141011	0.180399	0.711405	1.12794	24.9445	6.89993
1	26	A	4	-8.13417	0.0911234	-10.7588	0.305547	0.789858	2.02276	1.22431	1.08793
1	26	B	4	-6.18001	0.0911776	-9.89882	0.305577	0.746375	1.02011	21.3772	5.66739
1	27	A	1	-8.76219	0.0626646	-4.08919	0.215397	0.586264	2.04506	1.49436	0.821967
1	27	B	1	-7.52973	0.0627405	-4.78412	0.215442	0.719949	1.04566	22.7961	6.07853
1	27	A	2	-7.5694	0.0355781	-3.60158	0.103067	0.481763	1.21448	0.944033	0.874805
1	27	B	2	-6.58519	0.0356974	-4.36288	0.103127	0.742412	0.902478	24.8952	8.53834
1	27	A	3	-6.27247	0.0384406	-3.53226	0.0970363	0.477804	1.08393	1.01536	1.10532
1	27	B	3	-5.22073	0.0385456	-4.04706	0.0970932	0.73299	0.864376	23.8025	6.97147
1	27	A	4	-7.42314	0.107763	-8.27502	0.157976	0.806182	1.39856	1.60089	0.969864
1	27	B	4	-6.52844	0.107805	-8.72179	0.158007	0.754005	0.792051	20.8389	6.90161
1	28	A	1	-9.41419	0.0367847	-11.9381	0.198229	0.440471	1.9496	1.33268	0.556435
1	28	B	1	-7.91696	0.0369251	-12.5005	0.198312	0.726434	1.31905	22.9901	3.13881
1	28	A	2	-10.0302	0.0399185	-13.6591	0.129098	0.482983	1.37722	1.07463	0.809902
1	28	B	2	-8.52049	0.0400478	-13.7267	0.129165	0.771502	1.01242	22.7993	3.5467
1	28	A	3	-8.69627	0.0410234	-11.1552	0.101678	0.460371	1.04288	1.02918	1.01669
1	28	B	3	-7.26485	0.0411395	-11.3091	0.101756	0.759066	0.988857	22.4133	4.05023
1	28	A	4	-10.3978	0.0561163	-8.69817	0.120329	0.578559	1.15592	1.02514	0.761846
1	28	B	4	-8.89461	0.0562049	-8.84015	0.12039	0.758037	0.924069	21.1032	4.22784
1	29	A	1	-10.421	0.0441483	-7.57563	0.186492	0.509331	1.74836	0.905986	0.919655
1	29	B	1	-9.49184	0.0442666	-8.15212	0.186558	0.73389	1.14051	19.5418	4.17156
1	29	A	2	-9.82418	0.0367607	-4.60188	0.161764	0.48489	1.53571	0.660353	1.43529
1	29	B	2	-8.70656	0.0368931	-5.48883	0.161809	0.765995	0.941803	19.2267	9.53124
1	29	A	3	-9.47093	0.0394935	-5.82354	0.133847	0.468392	1.24289	0.999264	1.20689
1	29	B	3	-8.42626	0.039611	-6.5116	0.133893	0.75262	0.8655	20.1107	7.48482
1	29	A	4	-8.73401	0.0547284	-7.39478	0.239936	0.570164	1.70979	1.01113	0.946751
1	29	B	4	-7.76688	0.0548174	-8.08493	0.239959	0.756836	0.800986	17.9728	8.73909
1	30	A	1	-11.7958	0.0474574	-14.2434	0.211482	0.500669	1.92986	1.30787	0.76592
1	30	B	1	-10.3307	0.0475774	-14.3229	0.211551	0.728296	1.18451	18.6364	3.00929
1	30	A	2	-12.0684	0.0393887	-8.81166	0.155593	0.482641	1.55783	1.06569	0.9679
1	30	B	2	-10.7123	0.0395197	-8.78563	0.155646	0.753908	0.965013	20.8752	3.60832
1	30	A	3	-12.2946	0.0422153	-11.4512	0.142147	0.500183	1.39673	0.646553	0.819165
1	30	B	3	-10.9248	0.0423311	-11.549	0.142201	0.754821	0.949963	21.0381	4.80551
1	30	A	4	-11.8817	0.0546288	-7.72269	0.165617	0.585682	1.49038	1.13243	0.889886
1	30	B	4	-10.5206	0.0547203	-7.4648	0.165658	0.764565	0.899627	19.5714	4.10086
1	31	A	1	-19.5552	0.0547048	-12.9651	0.229058	0.617126	2.01153	1.03246	0.854191
1	31	B	1	-10.4049	0.0547905	-5.21722	0.229107	0.677108	1.07971	29.196	3.71904
1	31	A	2	-16.6332	0.0587884	-12.2652	0.096038	0.665739	0.936576	0.640162	1.07041
1	31	B	2	-7.65227	0.05886	-4.79614	0.0961093	0.69172	0.904582	32.0872	4.23391
1	31	A	3	-16.957	0.0427896	-16.7594	0.0975923	0.519177	1.04436	1.09943	0.896063
1	31	B	3	-7.88648	0.0428825	-8.95224	0.0976527	0.687302	0.858446	32.4152	6.2361
1	31	A	4	-16.0523	0.0649936	-13.3056	0.212314	0.65304	1.64066	0.970886	0.965754
1	31	B	4	-7.07654	0.0650578	-5.58549	0.212338	0.691465	0.785615	30.4582	6.26905
1	32	A	1	-17.4933	0.0424916	-14.9089	0.12061	0.51093	1.35438	1.03733	0.576877
1	32	B	1	-8.20954	0.0426017	-6.69296	0.120699	0.68603	1.06994	28.4084	2.87744
1	32	A	2	-20.1236	0.0440947	-16.6156	0.101467	0.562436	1.14607	0.898905	1.17209
1	32	B	2	-10.7054	0.0441874	-8.60808	0.10153	0.699549	0.896348	29.7493	4.44829
1	32	A	3	-19.7852	0.0499185	-14.6849	0.161476	0.613563	1.59466	0.608577	1.0168
1	32	B	3	-10.4376	0.0499981	-6.76091	0.161512	0.699433	0.872069	30.2305	5.44565
1	32	A	4	-20.2728	0.0682326	-14.6763	0.234852	0.665495	1.6851	0.966266	0.757943
1	32	B	4	-10.8907	0.0682966	-6.60956	0.234874	0.711277	0.787577	24.5079	5.7647
1	33	A	1	-18.103	0.0631012	-11.7216	0.260292	0.655781	2.24226	1.06611	0.689004
1	33	B	1	-8.99741	0.0631782	-4.00635	0.260338	0.699034	1.13094	29.516	2.41051
1	33	A	2	-19.0063	0.0549935	-11.7375	0.151109	0.650122	1.49676	0.949022	0.849796
1	33	B	2	-9.8142	0.0550734	-4.10115	0.151159	0.716472	0.968983	32.3891	6.01355
1	33	A	3	-19.7182	0.0520789	-15.5005	0.131772	0.601492	1.33397	0.79113	0.835225
1	33	B	3	-10.4836	0.0521634	-7.57242	0.131819	0.725156	0.894947	29.2221	9.1714
1	33	A	4	-19.5415	0.0693388	-12.3119	0.154158	0.690634	1.34673	1.0389	1.03875
1	33	B	4	-10.3126	0.069404	-4.44436	0.154197	0.72901	0.858838	27.8588	9.08499
1	34	A	1	-19.3469	0.0802383	-9.69563	0.316289	0.744962	2.51005	1.12276	0.701949
1	34	B	1	-10.3139	0.0803108	-2.97346	0.316355	0.716073	1.42872	32.9618	2.89308
1	34	A	2	-19.0023	0.0424513	-17.6336	0.269573	0.510787	2.28827	0.680738	0.619775
1	34	B	2	-10.0208	0.0425707	-10.5532	0.269619	0.724472	1.16546	34.9782	5.89845
1	34	A	3	-14.998	0.0488941	-9.4841	0.208274	0.600088	1.93084	0.75383	1.05348
1	34	B	3	-5.82353	0.0489848	-2.18615	0.208326	0.708843	1.092	36.203	18.3944
1	34	A	4	-13.6716	0.0527569	-9.69047	0.17821	0.586932	1.57894	0.868718	0.850312
1	34	B	4	-4.45806	0.0528436	-2.27107	0.178271	0.723382	1.04853	30.9379	20.3865
1	35	A	1	-15.4508	0.0460542	-10.5079	0.168031	0.544543	1.75618	1.15546	0.790916
1	35	B	1	-6.09025	0.0461567	-2.3145	0.168108	0.694937	1.19178	30.2984	4.55644
1	35	A	2	-14.6736	0.0395079	-7.75415	0.0925033	0.549673	1.18961	0.94433	0.884962
1	35	B	2	-5.55855	0.0396014	-0.220594	0.092583	0.684948	0.994009	38.9494	7.2048
1	35	A	3	-14.9285	0.0403699	-5.34039	0.0842674	0.561253	1.12308	1.08606	0.792618
1	35	B	3	-5.57866	0.04046	2.25719	0.0843412	0.696333	0.940757	38.247	6.51465
1	35	A	4	-15.4538	0.0499023	-12.551	0.104055	0.597334	1.12471	0.903575	1.13085
1	35	B	4	-6.11682	0.0499848	-4.60577	0.104109	0.712329	0.851507	31.8562	10.867
1	36	A	1	-17.7183	0.0505397	-9.3489	0.187791	0.547471	1.94707	1.30321	0.612317
1	36	B	1	-8.09613	0.0506418	-1.46641	0.187869	0.727014	1.2586	26.7413	3.33894
1	36	A	2	-18.2562	0.040376	-9.26758	0.0937444	0.521631	1.13411	0.918023	0.756439
1	36	B	2	-8.66507	0.040494	-1.47936	0.0938366	0.752412	1.04149	29.8711	9.94669
1	36	A	3	-16.8206	0.0394715	-10.1204	0.0834943	0.518883	0.98263	0.994617	1.12731
1	36	B	3	-7.23838	0.0395819	-1.91589	0.08358	0.730133	0.957863	28.5615	11.3134
1	36	A	4	-15.8408	0.0627482	-10.4245	0.117407	0.637093	1.1294	1.26818	0.57567
1	36	B	4	-6.35624	0.0628249	-2.59609	0.117458	0.750785	0.848477	24.8707	10.4451
1	37	A	1	-17.4676	0.046811	-12.0135	0.172405	0.600272	1.87083	1.01227	0.651801
1	37	B	1	-6.23966	0.0468875	-0.448264	0.172469	0.635156	1.1486	47.8354	8.10902
1	37	A	2	-16.242	0.039367	-13.1698	0.108222	0.521491	1.29551	1.5439	1.11604
1	37	B	2	-4.89593	0.0394463	-1.60042	0.108275	0.64228	0.880024	57.2255	22.5583
1	37	A	3	-15.5646	0.0485298	-12.9866	0.12335	0.575322	1.32052	1.59317	1.12054
1	37	B	3	-4.19705	0.0485937	-1.42095	0.123387	0.641822	0.796518	55.6727	21.8823
1	37	A	4	-16.8111	0.0695317	-20.2697	0.16848	0.752656	1.45968	1.1674	0.98728
1	37	B	4	-5.50408	0.0695818	-8.85194	0.168502	0.666635	0.711096	46.1059	19.6365
1	38	A	1	-17.5136	0.0467923	-12.2939	0.180783	0.539772	1.75806	1.15404	0.771673
1	38	B	1	-6.62408	0.0468928	-0.21383	0.180848	0.658957	1.08436	39.3707	6.02256
1	38	A	2	-14.5095	0.0723644	-14.5193	0.107565	0.543017	1.15706	1.59504	1.04994
1	38	B	2	-3.47389	0.0724194	-2.93348	0.107628	0.674527	0.899237	42.0564	10.2887
1	38	A	3	-10.0523	0.0371667	-6.37347	0.0915363	0.439659	1.01025	1.02957	1.09775
1	38	B	3	1.06531	0.0372441	4.89778	0.0915988	0.609837	0.874716	42.771	15.6391
1	38	A	4	-13.7177	0.0361152	-16.2527	0.0811473	0.38265	0.842073	1.58192	0.871075
1	38	B	4	-2.72663	0.0362109	-4.95299	0.0812068	0.648305	0.78443	37.3657	9.12445
1	39	A	1	-17.3779	0.039561	-12.1887	0.128087	0.556551	1.52317	1.12614	0.95721
1	39	B	1	-11.5028	0.039656	-5.99203	0.128158	0.640953	1.02841	37.6042	6.9558
1	39	A	2	-16.0314	0.0411728	-11.8986	0.131433	0.608321	1.3618	0.822114	1.13787
1	39	B	2	-10.1101	0.0412541	-5.91318	0.131473	0.659124	0.8405	42.7968	9.31317
1	39	A	3	-14.8845	0.0414723	-12.0212	0.0997442	0.596238	1.20073	0.884518	0.941387
1	39	B	3	-8.97991	0.0415494	-6.0436	0.0997877	0.652247	0.777238	42.4167	11.7419
1	39	A	4	-15.6772	0.0570294	-16.3111	0.143677	0.652875	1.43679	0.933853	0.909305
1	39	B	4	-9.59143	0.057089	-9.92008	0.143703	0.652007	0.693649	39.8391	14.0252
1	40	A	1	-17.5377	0.0546533	-20.2729	0.260973	0.561089	2.2206	0.967944	0.772156
1	40	B	1	-11.8469	0.0547369	-13.8901	0.26103	0.676221	1.24977	32.0237	7.87607
1	40	A	2	-18.142	0.0603227	-21.6807	0.214593	0.607885	1.73755	1.13144	0.945416
1	40	B	2	-12.4176	0.0603936	-15.5972	0.214628	0.702086	0.955839	36.6191	10.2608
1	40	A	3	-16.775	0.0500154	-19.0568	0.158393	0.592606	1.49615	0.878498	1.03416
1	40	B	3	-10.916	0.0500895	-13.0175	0.158431	0.683909	0.896576	44.0483	11.5953
1	40	A	4	-18.5908	0.0608565	-16.5302	0.167868	0.579686	1.42719	1.23306	0.904886
1	40	B	4	-12.8598	0.0609262	-10.6059	0.167899	0.72632	0.823309	33.3717	8.54456
1	41	A	1	-18.6248	0.0638818	-15.5831	0.267685	0.600186	2.17656	1.43367	1.06257
1	41	B	1	-12.4388	0.0639499	-8.96566	0.267732	0.652268	1.14315	42.0565	5.33306
1	41	A	2	-18.17	0.0449805	-12.8039	0.115753	0.535713	1.22394	1.19294	0.747329
1	41	B	2	-11.8546	0.0450643	-6.13689	0.11581	0.670426	0.907015	44.624	9.46076
1	41	A	3	-17.6465	0.0409952	-13.9094	0.0952514	0.512582	1.02729	1.2889	0.915245
1	41	B	3	-11.4658	0.0410861	-7.47376	0.0953086	0.678036	0.836333	42.6164	9.77471
1	41	A	4	-17.0552	0.0474701	-15.2752	0.10313	0.505135	1.04828	1.30136	1.15138
1	41	B	4	-10.7942	0.0475506	-8.72909	0.103175	0.679114	0.76311	41.6004	12.4361
1	42	A	1	-20.0396	0.0569218	-22.5655	0.218097	0.604246	2.0113	1.23515	0.790009
1	42	B	1	-14.4687	0.0570081	-16.707	0.21816	0.699652	1.21464	30.163	8.81884
1	42	A	2	-20.2529	0.036928	-16.7757	0.112459	0.475956	1.3046	1.11786	0.986846
1	42	B	2	-14.6689	0.037052	-11.2394	0.112533	0.730864	1.00855	35.0497	8.24747
1	42	A	3	-20.5117	0.0338717	-19.2428	0.0806959	0.411898	0.976293	1.05044	0.839187
1	42	B	3	-14.8751	0.033993	-13.5176	0.0807882	0.70737	0.985116	36.4906	9.66212
1	42	A	4	-20.1708	0.0435377	-15.8793	0.138791	0.538155	1.41026	0.918476	1.10513
1	42	B	4	-14.5128	0.0436345	-9.94757	0.138839	0.717913	0.931457	34.9792	9.64877
1	43	A	1	-21.5686	0.0464602	-14.996	0.269845	0.499374	2.10448	1.21019	0.814654
1	43	B	1	-15.6041	0.0465672	-8.85918	0.269893	0.685978	1.14315	35.8291	4.18832
1	43	A	2	-18.4216	0.054555	-14.0269	0.166835	0.572777	1.49244	0.980119	0.997771
1	43	B	2	-12.4845	0.0546425	-7.98196	0.16688	0.715762	0.924855	35.7057	9.12148
1	43	A	3	-18.7663	0.0589255	-18.5818	0.122263	0.639792	1.1925	0.802044	0.938075
1	43	B	3	-12.8737	0.0590023	-12.508	0.122319	0.70952	0.890104	35.6128	12.2529
1	43	A	4	-18.1444	0.0984538	-14.9632	0.233868	0.817473	1.69508	1.15397	0.817488
1	43	B	4	-12.2655	0.0985009	-8.69202	0.233892	0.717382	0.797274	33.6207	12.6644
1	44	A	1	-19.7552	0.0614409	-16.419	0.221518	0.605523	1.95006	1.4253	1.09768
1	44	B	1	-13.5856	0.0615164	-9.97473	0.221572	0.671876	1.11055	40.5775	7.00738
1	44	A	2	-22.2632	0.0364531	-18.4661	0.0880628	0.46826	1.08733	1.34949	0.840157
1	44	B	2	-16.1997	0.0365687	-12.065	0.0881441	0.688192	0.923711	41.8769	8.2212
1	44	A	3	-21.9491	0.0413972	-16.281	0.0796892	0.536655	0.950236	1.03077	0.968493
1	44	B	3	-15.868	0.0414975	-9.89279	0.0797712	0.695407	0.89456	43.5269	11.6626
1	44	A	4	-22.3275	0.0345049	-16.5158	0.0780093	0.390593	0.824385	1.49684	1.1919
1	44	B	4	-16.2311	0.0346282	-10.1324	0.0780764	0.695566	0.78554	39.4776	17.2406
1	45	A	1	-19.8798	0.04531	-13.0938	0.163993	0.48606	1.64351	1.08021	0.813588
1	45	B	1	-14.1259	0.0454228	-6.41419	0.164068	0.70529	1.12239	33.1353	6.50914
1	45	A	2	-20.7018	0.052097	-12.9909	0.245039	0.637288	1.52414	0.756027	1.39069
1	45	B	2	-14.7502	0.0521803	-6.63682	0.245067	0.706229	0.910017	41.109	15.8733
1	45	A	3	-21.4739	0.049828	-17.1838	0.15215	0.649925	1.44541	0.651264	1.3081
1	45	B	3	-15.4948	0.0499134	-10.8688	0.152187	0.7074	0.834259	44.3557	20.4735
1	45	A	4	-21.2463	0.0655572	-14.3123	0.158649	0.679	1.46952	0.949197	0.718835
1	45	B	4	-15.2835	0.0656237	-8.20776	0.158681	0.715931	0.80665	41.612	15.7264
1	46	A	1	-20.9982	0.05451	-10.7293	0.378176	0.631761	2.64857	0.640731	0.738321
1	46	B	1	-15.2464	0.0546116	-4.46306	0.378213	0.715014	1.2141	39.3339	6.60873
1	46	A	2	-20.6044	0.0468066	-18.8616	0.160898	0.531407	1.57045	1.07459	0.715468
1	46	B	2	-14.7106	0.0469078	-13.0193	0.160947	0.716724	0.963624	43.4472	11.0946
1	46	A	3	-16.8631	0.0480539	-10.9302	0.0819736	0.564295	0.895015	0.729099	0.890719
1	46	B	3	-11.0621	0.0481362	-4.89629	0.0820494	0.699015	0.89281	36.2996	14.4872
1	46	A	4	-15.5307	0.0774083	-11.5343	0.125054	0.703606	1.1418	0.838341	0.785197
1	46	B	4	-9.69608	0.0774628	-5.68135	0.125097	0.709681	0.81418	34.3088	9.49578
1	47	A	1	-17.9251	0.056618	-13.5029	0.202229	0.67392	1.9116	0.735891	0.633846
1	47	B	1	-11.6247	0.0567071	-5.0283	0.202328	0.701606	1.43073	38.6918	4.68323
1	47	A	2	-17.2288	0.0532497	-10.6487	0.14888	0.590237	1.44397	1.06045	0.782637
1	47	B	2	-11.0132	0.0533418	-2.40077	0.149026	0.722695	1.33173	35.4281	31.0685
1	47	A	3	-17.4631	0.052955	-7.67473	0.138293	0.588929	1.32391	1.24237	0.974271
1	47	B	3	-11.0262	0.0530385	0.420252	0.138446	0.705603	1.25497	39.4688	40.7651
1	47	A	4	-17.7942	0.102153	-15.1923	0.267276	0.949206	1.962	0.70137	0.821959
1	47	B	4	-11.4164	0.1022	-7.76246	0.267365	0.7063	1.15781	35.4068	58.7826
1	48	A	1	-19.9711	0.0493134	-11.2873	0.201627	0.512665	1.81214	1.90389	0.7117
1	48	B	1	-13.908	0.0494084	-3.62863	0.201715	0.678361	1.35149	38.3661	3.88952
1	48	A	2	-20.3203	0.0547852	-11.3426	0.178361	0.59971	1.56821	0.938236	0.759408
1	48	B	2	-14.2504	0.054869	-3.89793	0.178465	0.716645	1.17347	40.2099	39.8281
1	48	A	3	-19.1402	0.055387	-12.28	0.193794	0.560677	1.54148	0.639055	0.853997
1	48	B	3	-13.0087	0.0554653	-5.15982	0.193877	0.699193	1.07682	37.0258	43.623
1	48	A	4	-18.3492	0.075114	-12.4611	0.276534	0.654678	1.71842	0.690706	1.00505
1	48	B	4	-12.1606	0.0751753	-5.63427	0.276573	0.714832	0.912966	33.2988	48.0919
2	1	A	1	-14.4672	0.0323882	-9.75671	0.132456	0.504324	1.78796	1.68944	1.08471
2	1	B	1	-8.21541	0.0329864	-3.54273	0.132573	1.46109	1.33101	18.7299	1.62425
2	1	A	2	-13.1937	0.0300839	-10.8782	0.0719021	0.47218	1.13885	1.79805	1.06795
2	1	B	2	-6.91209	0.0306404	-4.73608	0.0720565	1.48713	1.22989	20.9419	3.34196
2	1	A	3	-12.7387	0.0317615	-10.5746	0.0695339	0.490323	1.02279	1.2411	1.0883
2	1	B	3	-6.46656	0.0322796	-4.26578	0.0696656	1.47686	1.11636	19.21	2.9473
2	1	A	4	-13.7363	0.0315392	-18.1077	0.0663454	0.462039	0.8754	0.831702	0.889053
2	1	B	4	-7.42034	0.0320904	-11.9872	0.0664692	1.46495	1.02186	15.7869	2.47169
2	2	A	1	-14.6605	0.0417411	-9.71704	0.0962735	0.499881	1.39915	1.86529	0.686596
2	2	B	1	-8.04833	0.0422266	-4.05693	0.0964676	1.44476	1.40457	19.395	2.87698
2	2	A	2	-11.5385	0.0303141	-12.2187	0.0739471	0.459625	1.1067	1.21161	0.885839
2	2	B	2	-5.09859	0.0309365	-6.32986	0.0741233	1.50256	1.27503	19.3024	1.91929
2	2	A	3	-6.97416	0.0264676	-4.1376	0.060103	0.439167	0.949218	1.01892	0.899859
2	2	B	3	-0.701732	0.0270039	1.94994	0.0603036	1.40561	1.31234	22.759	2.71515
2	2	A	4	-10.5919	0.0343308	-14.1426	0.0722449	0.458871	0.917127	0.912215	0.974919
2	2	B	4	-4.22	0.0348001	-8.33787	0.0723928	1.40475	1.15121	17.476	4.49222
2	3	A	1	-11.849	0.0355641	-7.20983	0.0896579	0.497616	1.28682	1.45035	1.04196
2	3	B	1	-4.8359	0.0360651	0.529134	0.0898516	1.43883	1.42634	26.3851	4.14946
2	3	A	2	-10.4685	0.0291111	-7.11806	0.07	0.485772	1.1101	1.15165	1.00986
2	3	B	2	-3.44199	0.0296416	0.328607	0.0701694	1.45714	1.29308	30.1129	4.86493
2	3	A	3	-9.34369	0.0308355	-7.2688	0.0702567	0.454226	1.0204	1.56231	0.901697
2	3	B	3	-2.20544	0.0313063	-0.013648	0.0704044	1.43076	1.23153	30.9946	4.89927
2	3	A	4	-10.1833	0.0286408	-11.9819	0.0657171	0.431999	0.84044	0.89914	0.974833
2	3	B	4	-2.97229	0.0291787	-4.87129	0.0658612	1.41894	1.13418	26.6609	2.80268
2	4	A	1	-11.6194	0.0356436	-14.2616	0.140511	0.543446	1.7508	1.84879	1.23077
2	4	B	1	-5.05439	0.036126	-8.03107	0.140617	1.40499	1.33342	22.5395	1.90265
2	4	A	2	-12.2443	0.0399837	-16.1607	0.0883761	0.59121	1.16863	1.73623	1.63525
2	4	B	2	-5.74732	0.0404046	-10.0571	0.0884909	1.45555	1.15754	21.7042	2.29087
2	4	A	3	-10.859	0.0311552	-13.7971	0.0687972	0.499912	1.00723	1.13731	1.16871
2	4	B	3	-4.27621	0.0316401	-7.4143	0.0689215	1.41957	1.08581	23.0327	3.69619
2	4	A	4	-12.5709	0.0347394	-11.5898	0.0579806	0.511012	0.792998	0.962395	0.938685
2	4	B	4	-6.05899	0.035225	-5.4762	0.0581168	1.41654	0.981441	16.2892	3.01194
2	5	A	1	-12.934	0.0373319	-11.0093	0.123336	0.553618	1.54151	1.16431	1.16109
2	5	B	1	-6.35135	0.0378752	-4.04726	0.12346	1.46344	1.28604	18.021	2.77465
2	5	A	2	-12.4452	0.039395	-7.95489	0.0891335	0.608072	1.22267	0.930449	0.998955
2	5	B	2	-5.79903	0.0398478	-1.52624	0.0892498	1.47397	1.14646	19.7596	2.45108
2	5	A	3	-12.1455	0.0352237	-9.09973	0.0714944	0.520462	0.895036	0.730768	1.10271
2	5	B	3	-5.41684	0.0357097	-2.32487	0.0716185	1.44608	1.05585	19.9223	5.8522
2	5	A	4	-11.3487	0.0369827	-10.4341	0.0551126	0.474062	0.696256	1.24762	0.880344
2	5	B	4	-4.7591	0.0374744	-3.9671	0.0552617	1.44276	0.980201	15.0576	3.37683
2	6	A	1	-14.2649	0.0306491	-17.4656	0.0757177	0.445245	1.18272	1.38962	0.751608
2	6	B	1	-7.54383	0.0312922	-10.8337	0.0759141	1.42554	1.26594	20.1698	2.34358
2	6	A	2	-14.5543	0.0274262	-12.0409	0.0618022	0.433153	0.950142	1.47507	1.00338
2	6	B	2	-7.79079	0.0280942	-5.55471	0.0619646	1.45562	1.1034	19.6268	2.16
2	6	A	3	-14.739	0.0257726	-14.7436	0.0596135	0.422265	0.918391	0.784379	0.88928
2	6	B	3	-7.99854	0.0264272	-8.14469	0.0597627	1.42534	1.0476	18.2591	4.32416
2	6	A	4	-14.2561	0.0357049	-11.2471	0.0687287	0.47125	0.905273	1.20741	0.778797
2	6	B	4	-7.55316	0.036195	-4.6644	0.0688479	1.40069	0.962489	14.6158	3.79936
2	7	A	1	-15.9869	0.0337661	-9.94379	0.0947609	0.553605	1.47735	0.924301	0.764231
2	7	B	1	-8.81384	0.0343078	-2.79572	0.0949068	1.47441	1.30637	25.5963	2.81649
2	7	A	2	-12.9101	0.0385065	-9.18285	0.0627759	0.563591	0.995713	1.2541	0.946847
2	7	B	2	-5.83538	0.0389477	-2.20323	0.062926	1.50265	1.14069	25.8442	3.15759
2	7	A	3	-13.2895	0.0295761	-13.8217	0.0624947	0.404194	0.912465	1.66759	1.14956
2	7	B	3	-6.07665	0.0301108	-6.76675	0.0626283	1.47382	1.08693	25.666	7.46377
2	7	A	4	-12.496	0.0306163	-10.2302	0.0633477	0.437983	0.837398	1.09294	0.869372
2	7	B	4	-5.31577	0.0311551	-3.29309	0.0634664	1.46265	0.998547	20.1084	6.81575
2	8	A	1	-14.0778	0.0397979	-12.1762	0.0935727	0.565405	1.38116	1.45445	0.796857
2	8	B	1	-7.04041	0.0402672	-5.69749	0.093712	1.46157	1.24562	23.3104	2.20382
2	8	A	2	-16.5426	0.0331091	-13.5909	0.0647559	0.515704	0.976246	1.112	1.28189
2	8	B	2	-9.55304	0.0336057	-7.08395	0.0649007	1.47488	1.1379	26.3027	2.85253
2	8	A	3	-16.298	0.0309216	-11.4864	0.0539735	0.48964	0.805129	1.02726	1.25037
2	8	B	3	-9.38576	0.0314272	-4.97904	0.0541286	1.45467	1.08213	23.2869	4.73873
2	8	A	4	-16.5961	0.0348224	-11.6876	0.0622191	0.524644	0.855471	0.70659	0.994516
2	8	B	4	-9.61672	0.0352703	-4.79275	0.0623429	1.42891	1.0182	21.1473	5.47382
2	9	A	1	-14.3563	0.0355628	-8.5776	0.10767	0.533971	1.48555	1.09726	1.02299
2	9	B	1	-7.74372	0.0360335	-1.36385	0.107778	1.4492	1.21929	20.6127	4.84572
2	9	A	2	-15.1101	0.0405413	-8.34281	0.0832167	0.614247	1.18818	1.13788	0.860533
2	9	B	2	-8.42864	0.0409211	-1.65498	0.083315	1.46344	1.09455	23.7963	2.81304
2	9	A	3	-15.9312	0.0344314	-12.5149	0.0779616	0.502697	1.0756	1.11283	0.907346
2	9	B	3	-9.25602	0.0348734	-5.81119	0.0780523	1.45342	1.01105	21.1607	3.13419
2	9	A	4	-15.5815	0.0423821	-9.43933	0.113945	0.476936	1.30184	1.3297	0.831746
2	9	B	4	-8.81112	0.0427636	-2.89725	0.114007	1.42031	0.961906	17.8039	2.50357
2	10	A	1	-15.4277	0.045071	-5.93161	0.166566	0.556336	2.0713	1.87465	0.88756
2	10	B	1	-8.8886	0.0455141	0.165631	0.166712	1.46534	1.6316	18.3832	2.55221
2	10	A	2	-15.1012	0.0441933	-13.7191	0.102939	0.536871	1.35283	1.63438	0.962567
2	10	B	2	-8.5615	0.0446072	-7.72781	0.103098	1.48172	1.42874	20.0715	3.34107
2	10	A	3	-11.24	0.0350771	-6.4104	0.0784741	0.427114	1.0363	1.88816	1.06138
2	10	B	3	-4.82453	0.0355593	-0.943129	0.0786649	1.46186	1.40007	21.0292	2.9749
2	10	A	4	-9.94836	0.03924	-6.74628	0.0731099	0.506022	0.832869	1.00941	1.22517
2	10	B	4	-3.46138	0.039689	-0.779585	0.0733079	1.45148	1.31278	18.98	5.25679
2	11	A	1	-9.13895	0.0318549	-4.83386	0.114845	0.514956	1.63348	1.01677	0.938713
2	11	B	1	-7.50044	0.0324226	-3.3215	0.114971	1.45235	1.32463	19.7321	2.65074
2	11	A	2	-8.37955	0.0328826	-2.63451	0.0774673	0.552408	1.21846	0.95795	0.775865
2	11	B	2	-6.73163	0.0333662	-1.23047	0.077592	1.47164	1.17556	23.2797	2.31775
2	11	A	3	-8.59368	0.0319373	0.243033	0.0826572	0.501553	1.16818	0.842177	0.952949
2	11	B	3	-6.96361	0.0324172	1.84742	0.0827558	1.45512	1.08311	21.7712	3.51181
2	11	A	4	-9.02795	0.0350463	-6.96186	0.0842389	0.511244	0.99568	0.854955	1.20262
2	11	B	4	-7.46969	0.0355238	-5.67007	0.0843304	1.43877	0.992089	15.4328	2.14469
2	12	A	1	-11.3936	0.0369039	-2.82352	0.169951	0.500279	2.03627	1.14002	1.06614
2	12	B	1	-10.4193	0.0374223	-2.75995	0.170095	1.44889	1.64879	16.8103	4.26535
2	12	A	2	-11.8445	0.0323091	-3.54155	0.0961888	0.494087	1.332	1.32129	1.24722
2	12	B	2	-10.8775	0.03286	-3.21331	0.0963634	1.48666	1.47212	16.6109	3.78086
2	12	A	3	-10.4207	0.028448	-4.29704	0.0676917	0.436418	0.930459	1.17889	1.0688
2	12	B	3	-9.5577	0.0290507	-4.01842	0.0679055	1.46103	1.3642	18.8986	3.99785
2	12	A	4	-9.51585	0.036801	-4.59723	0.0813777	0.466582	0.903553	1.02812	1.08396
2	12	B	4	-8.64284	0.0372946	-4.35897	0.0815798	1.44905	1.30371	16.1178	12.5757
2	13	A	1	-11.5325	0.0325777	-7.88999	0.119601	0.480622	1.46929	1.34643	1.26523
2	13	B	1	-8.25027	0.0331788	-2.27368	0.119764	1.43728	1.41254	23.1184	6.25541
2	13	A	2	-10.2284	0.028055	-8.74209	0.0666619	0.446816	1.02277	1.12945	0.706357
2	13	B	2	-6.82798	0.0286648	-4.07557	0.0668723	1.47501	1.3605	26.3041	4.54271
2	13	A	3	-9.81087	0.0305253	-8.26032	0.0616276	0.483968	0.913257	0.91093	0.929967
2	13	B	3	-6.33286	0.0310397	-3.70919	0.0618177	1.44144	1.27301	25.446	2.58691
2	13	A	4	-10.7898	0.0411259	-15.7998	0.0715824	0.51858	0.930955	1.11623	0.672252
2	13	B	4	-7.20509	0.0415172	-11.6942	0.0717349	1.42264	1.18667	22.2591	5.16525
2	14	A	1	-11.3675	0.0362822	-7.1694	0.0866662	0.465532	1.25014	1.67842	0.939874
2	14	B	1	-8.2332	0.0368113	-4.35997	0.0868187	1.44022	1.20858	19.8153	2.47769
2	14	A	2	-8.32959	0.034622	-9.42028	0.0667152	0.564561	0.979401	0.643784	1.16435
2	14	B	2	-5.3455	0.035139	-6.40626	0.0668521	1.45796	1.06368	19.8448	3.41449
2	14	A	3	-3.80243	0.0307979	-1.50762	0.0675845	0.490602	0.993251	0.748925	1.15935
2	14	B	3	-0.62261	0.0312395	1.77381	0.0677159	1.36562	1.11166	24.8116	4.24908
2	14	A	4	-7.49192	0.0537636	-11.4334	0.0963382	0.622145	1.08051	1.4204	1.27478
2	14	B	4	-4.42832	0.0540559	-8.33976	0.096415	1.36375	0.943748	18.3756	4.63213
2	15	A	1	-8.48687	0.0349854	-4.96156	0.101257	0.479682	1.44969	1.86182	0.764752
2	15	B	1	-5.41966	0.035433	-1.43649	0.101381	1.40003	1.27822	29.4652	2.45425
2	15	A	2	-7.09708	0.0357732	-4.23915	0.0784917	0.444507	1.09397	1.51695	1.06651
2	15	B	2	-4.00356	0.0361659	-0.868311	0.0786003	1.42829	1.13303	30.8238	4.6478
2	15	A	3	-6.03055	0.0288787	-4.40424	0.0756721	0.419795	0.998641	1.34388	1.27635
2	15	B	3	-2.83614	0.0293569	-0.85745	0.0757694	1.41555	1.04941	27.3314	4.13676
2	15	A	4	-6.87557	0.0367543	-9.10112	0.0955643	0.489628	1.10716	0.970023	0.767829
2	15	B	4	-3.81093	0.0371563	-5.74146	0.0956346	1.38483	0.946464	23.7284	3.25679
2	16	A	1	-8.68968	0.0311887	-11.4179	0.110647	0.492867	1.56754	0.98713	0.933481
2	16	B	1	-5.55409	0.0317373	-7.73353	0.110781	1.38046	1.31567	23.4638	4.41964
2	16	A	2	-9.16791	0.0349802	-13.8344	0.0897151	0.529426	1.3275	1.19018	1.00707
2	16	B	2	-6.03238	0.0354295	-10.4412	0.0898182	1.42827	1.13054	23.2557	3.34179
2	16	A	3	-7.69155	0.0313834	-11.3575	0.0708491	0.508646	1.06222	1.33355	1.01176
2	16	B	3	-4.56222	0.0318588	-8.03851	0.0709635	1.42496	1.06752	25.7064	4.36369
2	16	A	4	-9.41547	0.0348075	-8.98944	0.0807982	0.476626	0.981224	1.24911	1.13726
2	16	B	4	-6.24528	0.035291	-5.654	0.0808918	1.42288	0.966766	18.2483	3.89455
2	17	A	1	-9.75293	0.0316426	-8.39326	0.0838115	0.448049	1.12439	1.49468	1.10463
2	17	B	1	-6.75074	0.0322934	-6.55318	0.0839965	1.43721	1.25543	19.2767	5.93181
2	17	A	2	-9.02538	0.0354017	-5.39615	0.0935077	0.514425	1.16552	1.06837	0.995262
2	17	B	2	-6.09712	0.0359374	-3.21369	0.0936278	1.46311	1.11677	20.3174	11.2963
2	17	A	3	-8.8264	0.0373842	-6.28131	0.0792645	0.43304	0.909545	2.19645	1.332
2	17	B	3	-6.01136	0.0378779	-3.91508	0.0793992	1.43051	1.07201	19.1742	12.5269
2	17	A	4	-8.04067	0.0407303	-7.76073	0.0893568	0.496607	0.963683	0.845002	0.811655
2	17	B	4	-5.24729	0.041195	-5.15069	0.0894665	1.42176	1.0073	15.8572	11.1892
2	18	A	1	-11.0183	0.0335107	-14.4791	0.0906618	0.470193	1.24994	1.21799	0.885973
2	18	B	1	-8.19862	0.0340777	-11.5105	0.090829	1.3892	1.26154	20.573	2.41984
2	18	A	2	-11.2328	0.0290004	-9.18958	0.0673698	0.467791	0.984447	0.648077	1.11811
2	18	B	2	-8.31139	0.029603	-5.80269	0.0675227	1.42602	1.10029	21.6271	4.86436
2	18	A	3	-11.4426	0.0286135	-11.8275	0.0613953	0.453491	0.894419	0.746304	1.0136
2	18	B	3	-8.52758	0.0291712	-8.71663	0.0615451	1.39327	1.0588	21.0578	7.17632
2	18	A	4	-11.051	0.0367671	-8.22204	0.108973	0.502843	1.16211	0.782371	0.959717
2	18	B	4	-8.06145	0.0372187	-5.1807	0.109049	1.39247	0.962117	18.5668	7.98913
2	19	A	1	-12.5831	0.0354303	-7.3032	0.109719	0.469379	1.41634	1.6669	1.34457
2	19	B	1	-8.65872	0.0359882	-2.63127	0.10985	1.47383	1.27563	20.6268	1.97663
2	19	A	2	-9.63923	0.0313748	-6.15417	0.0812632	0.487337	0.83479	0.869355	1.58676
2	19	B	2	-5.90044	0.031955	-1.63595	0.0813878	1.48703	1.11465	18.1742	5.5306
2	19	A	3	-9.98658	0.0276268	-10.8697	0.0663736	0.42312	0.83979	1.19482	1.2056
2	19	B	3	-6.17991	0.0282513	-6.6149	0.0665181	1.46054	1.08811	17.1399	11.4666
2	19	A	4	-9.09028	0.0383962	-7.47209	0.0920305	0.478839	0.913507	0.938714	1.44677
2	19	B	4	-5.24842	0.0388656	-3.27306	0.0921205	1.44036	0.981877	13.3144	8.1633
2	20	A	1	-10.8362	0.0493574	-9.11124	0.14493	0.507296	1.69549	1.798	1.03341
2	20	B	1	-7.61606	0.0497549	-5.60132	0.145044	1.42733	1.32788	19.6924	4.1247
2	20	A	2	-13.3229	0.0325085	-11.0335	0.0776016	0.500913	1.12349	1.08184	0.882507
2	20	B	2	-10.1531	0.0330199	-7.79754	0.0777488	1.44028	1.21491	24.6634	2.97134
2	20	A	3	-13.0281	0.0280033	-8.71843	0.0963933	0.386335	1.24044	1.5719	1.14609
2	20	B	3	-9.90661	0.0285625	-5.23817	0.0964954	1.42138	1.14292	24.1746	3.48653
2	20	A	4	-13.2498	0.0368745	-8.90251	0.082254	0.4544	0.946698	1.09373	0.958922
2	20	B	4	-10.1065	0.037316	-5.64984	0.082369	1.40153	1.08391	19.8188	3.14206
2	21	A	1	-17.4322	0.0395865	-12.4579	0.103226	0.540871	1.50192	1.09498	0.539159
2	21	B	1	-6.07345	0.0400809	-0.25979	0.103423	1.41187	1.47625	32.0332	3.82316
2	21	A	2	-18.3348	0.0390107	-12.2835	0.0918093	0.568785	1.2282	1.37446	0.959214
2	21	B	2	-6.96569	0.0394566	-0.549322	0.0919607	1.43195	1.29493	34.818	12.0088
2	21	A	3	-19.0721	0.0347287	-16.3307	0.0834901	0.48155	1.04161	1.06544	1.09408
2	21	B	3	-7.69937	0.0352248	-4.52844	0.0836301	1.42494	1.17596	35.3128	14.92
2	21	A	4	-18.7929	0.0412338	-13.0527	0.0902156	0.515562	0.886778	1.08075	1.59907
2	21	B	4	-7.38464	0.0416586	-1.23156	0.0903572	1.40531	1.17167	32.3111	21.3171
2	22	A	1	-17.9815	0.0377909	-8.94028	0.117558	0.538172	1.57723	1.35209	1.28266
2	22	B	1	-6.52044	0.0382444	2.95754	0.117686	1.39702	1.34024	39.0706	6.08547
2	22	A	2	-17.6063	0.0286693	-16.8057	0.0792914	0.456688	1.16143	1.2417	1.14162
2	22	B	2	-6.13892	0.0291898	-4.92731	0.0794081	1.40631	1.1295	41.2943	12.754
2	22	A	3	-13.6799	0.0336221	-9.5788	0.070885	0.497412	0.985978	1.29802	1.14996
2	22	B	3	-2.27205	0.034043	2.03435	0.0710078	1.38214	1.10057	38.1909	16.0539
2	22	A	4	-12.4563	0.0355673	-9.67221	0.0732747	0.47352	0.89285	0.864833	1.03549
2	22	B	4	-1.07329	0.0360014	2.01706	0.0733836	1.36972	0.996505	30.6662	11.5585
2	23	A	1	-14.7165	0.0322602	-11.4215	0.0993902	0.473532	1.46835	1.6736	0.681624
2	23	B	1	-3.56806	0.032739	0.624306	0.0995276	1.39529	1.33349	40.3341	4.94178
2	23	A	2	-14.1004	0.0301232	-8.5668	0.0787031	0.518739	1.24886	0.94696	1.00401
2	23	B	2	-2.82415	0.0306017	3.15914	0.0788321	1.43168	1.22168	44.2475	11.6582
2	23	A	3	-14.2919	0.0308862	-5.92792	0.0660891	0.490711	1.05027	1.10168	0.946499
2	23	B	3	-2.94133	0.0313368	5.83364	0.0662204	1.41312	1.13416	42.6198	9.72739
2	23	A	4	-14.7574	0.0329178	-13.1593	0.065332	0.4757	0.885527	1.10113	1.15096
2	23	B	4	-3.55139	0.0333836	-1.62773	0.0654622	1.40321	1.05112	35.2596	15.3635
2	24	A	1	-17.0151	0.0296259	-9.57438	0.105652	0.475668	1.56055	1.08893	0.901362
2	24	B	1	-5.80444	0.0301925	1.90028	0.105829	1.38438	1.48732	35.6879	4.64873
2	24	A	2	-17.3433	0.0303403	-9.86392	0.0590866	0.49825	0.968558	1.13658	1.08092
2	24	B	2	-6.15556	0.0308512	1.35036	0.059293	1.42496	1.28113	37.8576	12.5524
2	24	A	3	-16.0837	0.0294174	-10.7119	0.0646476	0.466265	0.967464	0.934785	1.07316
2	24	B	3	-4.82842	0.0299147	0.850741	0.0648062	1.39023	1.1713	35.8568	13.7245
2	24	A	4	-15.1653	0.0350806	-10.6502	0.067946	0.506126	0.904322	1.07596	0.885103
2	24	B	4	-3.912	0.0355341	0.822217	0.0680818	1.37614	1.04767	29.2206	12.7646
2	25	A	1	-17.7427	0.033685	-12.7519	0.141715	0.463347	1.80437	1.84102	1.06838
2	25	B	1	-8.12595	0.0342274	-3.43853	0.141841	1.4484	1.41844	22.326	2.93872
2	25	A	2	-16.3934	0.0348487	-13.6194	0.0770977	0.546853	1.15175	1.01299	0.991047
2	25	B	2	-6.75467	0.0353105	-4.79713	0.0772493	1.46324	1.267	25.4485	8.4446
2	25	A	3	-15.9874	0.0326964	-13.3906	0.0733187	0.503856	1.05311	0.830102	0.835492
2	25	B	3	-6.415	0.0331837	-4.1602	0.0734546	1.44553	1.16468	24.5532	5.06337
2	25	A	4	-16.9358	0.0373922	-20.7144	0.0814455	0.518903	0.943583	0.904038	1.0805
2	25	B	4	-7.34069	0.0378594	-11.6984	0.0815592	1.43752	1.06181	19.7345	8.22824
2	26	A	1	-17.7239	0.0380038	-12.4942	0.0944345	0.542716	1.33404	1.02124	0.793319
2	26	B	1	-8.16077	0.0384968	-3.4511	0.0945842	1.45147	1.27582	20.4543	3.04172
2	26	A	2	-14.5592	0.0326517	-14.8144	0.0713597	0.535622	1.03509	0.95423	0.815792
2	26	B	2	-4.98122	0.0332047	-5.48335	0.0715019	1.50155	1.13129	21.0353	6.94001
2	26	A	3	-9.91289	0.0271353	-6.73146	0.0631984	0.431916	0.900827	1.22078	1.33066
2	26	B	3	-0.416899	0.0276664	2.48828	0.0633572	1.38848	1.15913	22.7735	9.15691
2	26	A	4	-13.5856	0.0360952	-16.6506	0.062554	0.49733	0.804154	0.788263	0.952602
2	26	B	4	-4.04649	0.0365538	-7.35913	0.0626886	1.37489	0.989143	17.9122	5.63189
2	27	A	1	-14.7357	0.0302042	-10.4995	0.100529	0.465423	1.41676	1.33623	0.985648
2	27	B	1	-5.1008	0.030793	-1.36948	0.100702	1.43056	1.40282	22.3154	4.69214
2	27	A	2	-13.5478	0.0378003	-10.0785	0.0695927	0.495855	1.00206	1.57688	1.38994
2	27	B	2	-4.00358	0.0382176	-0.912645	0.0697582	1.44252	1.2445	25.8143	5.68907
2	27	A	3	-12.3674	0.0444227	-9.97412	0.062528	0.589997	0.938452	1.53785	0.975366
2	27	B	3	-2.82515	0.0447665	-0.783469	0.0626928	1.42406	1.17846	24.8661	8.41408
2	27	A	4	-13.4025	0.0442893	-14.4842	0.065742	0.548319	0.824894	1.37401	1.1889
2	27	B	4	-3.84632	0.0446668	-5.05313	0.0658885	1.40436	1.08797	21.3788	4.14493
2	28	A	1	-15.0927	0.0401213	-18.1511	0.193711	0.531354	2.00818	1.02251	1.12005
2	28	B	1	-5.62013	0.0406174	-7.87583	0.193843	1.41011	1.61702	20.982	4.71907
2	28	A	2	-15.7448	0.0461752	-19.6786	0.0800213	0.581957	1.031	1.29327	0.819197
2	28	B	2	-6.23233	0.0466209	-9.66266	0.0802485	1.46958	1.36202	20.9243	6.32466
2	28	A	3	-14.2746	0.0398112	-16.8148	0.0752668	0.499586	0.946716	1.02832	0.804672
2	28	B	3	-4.72955	0.0402455	-7.05504	0.0754757	1.42263	1.33741	22.4903	8.67956
2	28	A	4	-16.0469	0.0535435	-14.7328	0.179447	0.516793	1.43313	1.33973	0.940169
2	28	B	4	-6.44007	0.0539198	-5.07188	0.17954	1.44017	1.23184	16.5162	15.5543
2	29	A	1	-15.9357	0.0375891	-13.0465	0.135917	0.555711	1.51849	1.36168	0.931521
2	29	B	1	-6.25069	0.0381204	-4.01068	0.136046	1.44954	1.3703	18.5513	3.58249
2	29	A	2	-15.459	0.034311	-10.4681	0.0779281	0.510182	1.18713	1.13628	0.757248
2	29	B	2	-5.6654	0.0348054	-1.09114	0.0780755	1.46668	1.22597	20.1952	5.15087
2	29	A	3	-15.1008	0.0273249	-11.6071	0.0706016	0.429885	0.99536	1.3677	1.22811
2	29	B	3	-5.3998	0.0279356	-2.33271	0.0707413	1.46249	1.13185	21.2538	9.69106
2	29	A	4	-14.3506	0.0326653	-13.1283	0.076915	0.45168	0.928264	0.967853	0.995415
2	29	B	4	-4.6047	0.0331983	-3.89458	0.0770362	1.43663	1.05296	16.7702	8.81247
2	30	A	1	-17.2656	0.0437533	-20.1074	0.106684	0.545374	1.32582	1.18715	1.09666
2	30	B	1	-8.27499	0.0441957	-11.2438	0.106843	1.41297	1.35391	25.5973	4.77958
2	30	A	2	-17.6441	0.0316721	-14.3647	0.101934	0.447475	1.22655	1.21905	1.48519
2	30	B	2	-8.65155	0.0322209	-5.71425	0.102046	1.44243	1.18979	27.9888	9.75899
2	30	A	3	-17.833	0.0341118	-17.0684	0.0721537	0.474396	0.954176	1.46798	0.805081
2	30	B	3	-8.83235	0.0345927	-8.26182	0.0722948	1.42048	1.1266	26.2817	11.6116
2	30	A	4	-17.3857	0.0383157	-13.2598	0.0999971	0.503475	1.06125	1.10457	1.41617
2	30	B	4	-8.26014	0.0387579	-4.44766	0.100092	1.39442	1.04037	21.6952	12.2296
2	31	A	1	-19.105	0.0386642	-12.9577	0.090706	0.550494	1.17481	1.17677	1.01512
2	31	B	1	-10.6221	0.039209	-3.72996	0.0908841	1.47479	1.30124	28.0545	3.25894
2	31	A	2	-16.1759	0.0348568	-12.0284	0.0702767	0.506973	1.02635	1.42304	0.791715
2	31	B	2	-7.52202	0.0354086	-3.13226	0.0704586	1.48649	1.21347	29.3592	8.95838
2	31	A	3	-16.4725	0.0375994	-16.4947	0.0642926	0.548693	0.880419	0.836784	0.989587
2	31	B	3	-7.83289	0.038088	-7.85141	0.064488	1.45147	1.19256	28.7041	13.1893
2	31	A	4	-15.701	0.039365	-12.9533	0.0898611	0.500398	0.983732	0.956005	1.27759
2	31	B	4	-7.05961	0.0398418	-4.62473	0.0899904	1.4299	1.10525	26.3799	14.8808
2	32	A	1	-17.0277	0.0427635	-14.3264	0.110487	0.541988	1.41705	1.16842	0.925929
2	32	B	1	-7.98695	0.0432583	-4.89612	0.110628	1.44261	1.26953	21.8167	4.89298
2	32	A	2	-19.5633	0.0350516	-16.0759	0.0737441	0.52674	0.982358	1.42546	1.69771
2	32	B	2	-10.4666	0.0355932	-7.08235	0.0738977	1.45677	1.12844	22.7095	10.6877
2	32	A	3	-19.2755	0.0339782	-13.8835	0.0648342	0.490113	0.924821	1.1419	0.75476
2	32	B	3	-10.1123	0.0345058	-4.93264	0.0649986	1.41631	1.09162	22.2949	11.3397
2	32	A	4	-19.5574	0.037299	-14.0398	0.0741263	0.480982	0.845407	1.11168	1.4729
2	32	B	4	-10.3527	0.0377922	-5.27419	0.0742532	1.38917	0.985229	18.0111	12.9205
2	33	A	1	-17.5149	0.0321794	-10.9851	0.110174	0.51898	1.53535	1.10426	0.872575
2	33	B	1	-8.48124	0.0327652	-1.92612	0.11031	1.4497	1.31997	27.5798	5.1531
2	33	A	2	-18.3626	0.0307653	-11.1242	0.0723509	0.489015	1.06474	1.18007	0.995703
2	33	B	2	-9.27041	0.0313377	-2.37248	0.072496	1.47337	1.15633	27.852	15.0464
2	33	A	3	-19.0896	0.0286596	-15.0647	0.0723038	0.444859	0.997421	1.08649	1.07581
2	33	B	3	-10.0072	0.0292501	-6.36828	0.0724276	1.45427	1.06341	24.991	14.437
2	33	A	4	-18.7294	0.0336872	-11.8096	0.0578464	0.470967	0.718998	1.04435	1.21483
2	33	B	4	-9.7383	0.0342092	-3.28257	0.0580012	1.43138	1.01445	23.1104	17.9584
2	34	A	1	-18.7408	0.0425743	-8.91047	0.138011	0.559385	1.71382	1.19897	0.97038
2	34	B	1	-9.27663	0.0430442	0.851924	0.138129	1.45181	1.32559	20.7656	8.25521
2	34	A	2	-18.2228	0.0380273	-17.269	0.102951	0.531301	1.2818	0.997214	0.872197
2	34	B	2	-8.70604	0.0385021	-7.83723	0.103055	1.45691	1.11939	24.0103	15.8869
2	34	A	3	-14.2791	0.0371884	-9.11344	0.0900613	0.476463	1.10184	0.999127	0.924223
2	34	B	3	-4.89898	0.0376218	-0.0195998	0.0901695	1.42624	1.09765	24.5839	13.0157
2	34	A	4	-12.9496	0.0365675	-9.21032	0.0981228	0.441425	1.1217	1.18588	0.877986
2	34	B	4	-3.54907	0.0370276	0.0473799	0.0982134	1.39128	0.989589	20.7932	11.241
2	35	A	1	-15.1242	0.0395407	-11.1708	0.125559	0.565954	1.57708	1.2407	1.04671
2	35	B	1	-6.02419	0.0400409	-2.13695	0.125685	1.42785	1.30353	24.9164	5.81676
2	35	A	2	-14.5033	0.0310092	-8.38527	0.0677583	0.457822	0.974025	1.24178	0.922954
2	35	B	2	-5.42556	0.0315681	0.359337	0.0679161	1.45172	1.16063	30.1051	10.8952
2	35	A	3	-14.6747	0.0316176	-5.35321	0.0688262	0.478079	0.972696	0.790794	0.945512
2	35	B	3	-5.57653	0.0321393	3.28694	0.0689507	1.42661	1.04793	26.9901	11.9639
2	35	A	4	-15.1958	0.0342331	-12.9846	0.0793323	0.452318	0.974423	1.01848	0.779405
2	35	B	4	-6.03792	0.0347353	-4.1292	0.0794338	1.39374	0.953213	21.9817	13.4178
2	36	A	1	-17.3425	0.0379117	-8.87218	0.0991239	0.573098	1.41588	1.19351	1.18104
2	36	B	1	-7.97276	0.0383943	0.0115961	0.0992946	1.43249	1.39219	26.5102	5.16918
2	36	A	2	-17.8131	0.0338061	-9.28322	0.0616426	0.522378	0.972294	1.16555	0.780154
2	36	B	2	-8.35509	0.034282	-0.215924	0.0618319	1.44896	1.24004	27.5758	11.729
2	36	A	3	-16.4825	0.031438	-9.88291	0.0691942	0.486272	1.03372	1.21592	1.06893
2	36	B	3	-7.17982	0.0319208	-0.992841	0.0693369	1.38501	1.14191	26.0846	11.8309
2	36	A	4	-15.5299	0.0457421	-9.91428	0.0788626	0.597486	0.978981	1.19118	0.782929
2	36	B	4	-6.1324	0.0461011	-0.895543	0.0789771	1.39724	1.03254	22.2911	12.4995
2	37	A	1	-17.2939	0.0352405	-12.7019	0.136714	0.562219	1.69604	0.826214	1.6507
2	37	B	1	-5.97922	0.0357752	-0.915353	0.136825	1.41119	1.29407	29.3903	3.70322
2	37	A	2	-16.0911	0.0356496	-13.5886	0.0692724	0.551025	0.967852	1.18295	1.31828
2	37	B	2	-4.68734	0.0360943	-2.23561	0.0694182	1.42815	1.1646	35.3079	8.53333
2	37	A	3	-15.7085	0.0352082	-13.3114	0.0594947	0.521127	0.880999	0.996948	1.11288
2	37	B	3	-4.2922	0.0356408	-2.04543	0.0596332	1.41193	1.062	35.2833	7.61279
2	37	A	4	-16.7384	0.0368643	-20.7515	0.0607779	0.512373	0.792241	0.617148	1.01745
2	37	B	4	-5.3157	0.0373012	-9.57992	0.0608995	1.40082	0.96504	27.9976	7.80969
2	38	A	1	-17.4201	0.0495303	-12.6446	0.120796	0.561926	1.43884	1.59619	1.45157
2	38	B	1	-6.31387	0.0499283	-1.41363	0.120926	1.44748	1.32224	27.8044	2.81605
2	38	A	2	-14.3372	0.0334871	-14.8982	0.118579	0.512112	1.34304	1.09542	2.20628
2	38	B	2	-3.3964	0.0340522	-3.78165	0.118671	1.50851	1.16608	27.7173	5.93187
2	38	A	3	-9.67312	0.0335889	-6.57616	0.0611571	0.461976	0.881808	1.49301	1.2181
2	38	B	3	1.60217	0.0340045	4.18806	0.0613294	1.38518	1.23029	38.8935	4.64645
2	38	A	4	-13.3832	0.0398057	-16.5309	0.0661576	0.524902	0.853751	1.03954	1.02631
2	38	B	4	-2.28409	0.0402052	-5.55555	0.0662906	1.38323	1.04809	28.0195	4.12669
2	39	A	1	-17.0044	0.0336122	-12.6183	0.131192	0.521398	1.61309	1.09285	1.4515
2	39	B	1	-10.7644	0.034152	-7.75139	0.131331	1.41913	1.45453	32.3355	2.74362
2	39	A	2	-15.7707	0.0373326	-12.0414	0.0802843	0.544273	1.13679	1.11368	1.10335
2	39	B	2	-9.70765	0.0377738	-6.79393	0.0804434	1.44156	1.29653	30.6555	3.55392
2	39	A	3	-14.5843	0.0320307	-12.1198	0.0635518	0.486025	0.933426	1.35333	0.944241
2	39	B	3	-8.53738	0.0325174	-6.69476	0.0637385	1.42291	1.23262	33.7725	8.68037
2	39	A	4	-15.5024	0.0368927	-16.9229	0.0611164	0.512089	0.774621	0.883772	1.16214
2	39	B	4	-9.50711	0.0373417	-11.4829	0.0613114	1.40457	1.12885	27.3459	13.8955
2	40	A	1	-17.5027	0.0313409	-20.4703	0.13149	0.447398	1.65528	1.40591	1.18883
2	40	B	1	-11.7055	0.031927	-14.2111	0.131615	1.40364	1.35153	24.631	2.91366
2	40	A	2	-17.9983	0.035571	-22.1616	0.0768942	0.535252	1.12001	1.23518	0.842364
2	40	B	2	-12.3811	0.036074	-16.3546	0.0770212	1.46392	1.10779	24.6574	4.69221
2	40	A	3	-16.643	0.0313587	-19.3832	0.0564399	0.464198	0.823108	1.09823	1.16219
2	40	B	3	-11.0107	0.0318574	-13.6397	0.0565943	1.41051	1.07301	23.8925	5.6321
2	40	A	4	-18.418	0.0432675	-17.0056	0.075542	0.564559	0.910963	1.1616	1.2781
2	40	B	4	-12.6513	0.0436701	-11.3989	0.0756429	1.41677	0.957907	18.6312	2.59757
2	41	A	1	-18.4899	0.0333033	-15.6016	0.119406	0.467213	1.48652	1.43253	0.821739
2	41	B	1	-12.5247	0.0338618	-10.3284	0.11956	1.42149	1.4407	29.3012	2.18248
2	41	A	2	-17.8629	0.0263974	-12.8717	0.0930931	0.402707	1.18937	1.72769	1.28634
2	41	B	2	-11.9191	0.0270091	-7.06004	0.0932291	1.44646	1.29876	33.4048	6.13021
2	41	A	3	-17.4505	0.0313957	-14.1265	0.0694681	0.492143	0.988443	0.768346	0.928595
2	41	B	3	-11.6523	0.0319066	-8.60835	0.0696279	1.4314	1.21534	30.6736	9.08002
2	41	A	4	-16.6632	0.0310638	-15.6375	0.0608705	0.452925	0.804337	0.890224	0.812936
2	41	B	4	-10.87	0.0315849	-10.1886	0.0610405	1.40634	1.13304	26.3139	8.57194
2	42	A	1	-19.8029	0.0301591	-22.6655	0.107879	0.433039	1.40866	1.33518	0.870773
2	42	B	1	-13.7351	0.030822	-15.3802	0.108106	1.40804	1.51077	27.2002	4.12473
2	42	A	2	-20.0558	0.0350611	-17.1283	0.090733	0.495698	1.18781	1.196	1.25226
2	42	B	2	-14.0604	0.035582	-10.5094	0.0908946	1.43663	1.30567	28.3876	4.6827
2	42	A	3	-20.2738	0.0339888	-19.7214	0.0903422	0.4806	1.06472	1.11644	1.04313
2	42	B	3	-14.1322	0.0345015	-13.0313	0.090489	1.40376	1.22529	28.9956	7.05594
2	42	A	4	-19.8629	0.0432662	-16.2838	0.153046	0.534942	1.32626	1.05926	1.71583
2	42	B	4	-13.6573	0.0436738	-9.86405	0.153126	1.3869	1.15264	26.4898	6.48534
2	43	A	1	-21.2687	0.0449776	-15.2313	0.0995634	0.60532	1.42234	1.2264	0.449459
2	43	B	1	-14.8291	0.0454531	-9.38221	0.0997252	1.45087	1.29614	27.3533	3.15025
2	43	A	2	-18.1656	0.036368	-14.5091	0.0861079	0.523723	1.17354	1.6133	0.912279
2	43	B	2	-11.8365	0.0368981	-8.65719	0.0862333	1.46542	1.122	29.1782	5.78508
2	43	A	3	-18.5927	0.0329944	-18.8472	0.0607003	0.511257	0.874383	1.376	1.31104
2	43	B	3	-12.3222	0.0335383	-12.6101	0.0608627	1.44054	1.08262	27.1971	11.4055
2	43	A	4	-17.787	0.0412422	-15.2962	0.0761092	0.558845	0.932775	0.943872	1.16093
2	43	B	4	-11.555	0.0416825	-9.41564	0.076225	1.42063	1.0081	24.5602	7.27053
2	44	A	1	-19.6921	0.0378247	-17.5402	0.0985094	0.455328	1.37271	1.74212	0.834592
2	44	B	1	-13.5025	0.0383945	-11.4511	0.098687	1.45601	1.33713	26.7997	4.12836
2	44	A	2	-22.1858	0.0279578	-19.0217	0.0620255	0.43778	0.832527	1.28325	1.36966
2	44	B	2	-15.8498	0.0286183	-12.8207	0.0622243	1.45242	1.19571	28.8643	8.11698
2	44	A	3	-21.7465	0.0336341	-16.8621	0.069711	0.505662	0.943013	1.2109	1.00208
2	44	B	3	-15.5275	0.0341615	-10.7247	0.0698704	1.43292	1.13996	28.4504	10.0387
2	44	A	4	-22.1959	0.035497	-17.2496	0.0856917	0.464279	0.913547	1.23375	1.21255
2	44	B	4	-15.9696	0.0360023	-11.2154	0.0858163	1.41822	1.07656	25.0225	9.85548
2	45	A	1	-19.543	0.0400204	-13.0523	0.130208	0.61929	1.79505	1.30587	1.05341
2	45	B	1	-13.4629	0.0404896	-7.30182	0.130322	1.463	1.32659	29.21	3.98458
2	45	A	2	-20.3915	0.0398255	-13.0143	0.075808	0.520438	1.21154	1.62737	0.829258
2	45	B	2	-14.205	0.0402239	-6.90722	0.0759336	1.47774	1.16909	34.4854	7.06834
2	45	A	3	-21.05	0.0292106	-17.2281	0.058949	0.475227	0.960894	1.55088	0.913685
2	45	B	3	-14.8809	0.0297363	-11.3604	0.0590803	1.46069	1.05079	31.7949	9.15397
2	45	A	4	-20.7212	0.0292125	-14.1633	0.0607132	0.434834	0.867346	1.58157	1.06874
2	45	B	4	-14.6171	0.0297647	-8.1048	0.0608295	1.44127	0.959339	25.4067	14.2899
2	46	A	1	-20.7502	0.0448757	-11.2653	0.161504	0.607811	1.89415	0.916683	0.956726
2	46	B	1	-14.6082	0.0453131	-5.0581	0.161597	1.46019	1.30679	26.0741	4.32485
2	46	A	2	-20.3969	0.0357518	-19.1883	0.0808981	0.537019	1.09481	0.781629	1.06229
2	46	B	2	-14.3997	0.0362612	-13.3214	0.0810196	1.48115	1.11042	28.818	6.34773
2	46	A	3	-16.37	0.0429358	-11.3188	0.0597201	0.574477	0.79777	1.1193	1.26028
2	46	B	3	-10.3107	0.0433005	-5.63843	0.0598662	1.42247	1.08034	28.5472	7.56474
2	46	A	4	-15.1259	0.0423886	-11.7135	0.0689027	0.496589	0.837765	1.19545	0.803084
2	46	B	4	-9.04676	0.0427772	-5.93373	0.0690126	1.40474	0.962167	24.0949	7.12198
2	47	A	1	-17.168	0.0356781	-13.7181	0.103286	0.530012	1.44503	0.987533	0.902763
2	47	B	1	-11.0834	0.0362421	-7.88834	0.103445	1.43766	1.32428	27.1895	2.69198
2	47	A	2	-16.5254	0.0370458	-10.8514	0.061819	0.556721	0.908568	0.804918	0.86304
2	47	B	2	-10.5045	0.0375311	-5.14654	0.0620143	1.45873	1.1962	28.7131	8.41027
2	47	A	3	-16.8516	0.0348497	-7.62569	0.0681618	0.503224	0.979748	0.974992	0.895422
2	47	B	3	-10.9048	0.0353314	-1.90256	0.0682971	1.45017	1.09304	28.2869	6.65169
2	47	A	4	-17.1888	0.0319546	-15.2098	0.0958573	0.455923	0.974723	1.06578	1.16
2	47	B	4	-11.1909	0.0325061	-9.64761	0.095947	1.41824	1.00285	24.0923	5.60208
2	48	A	1	-19.3468	0.0316671	-11.0983	0.101101	0.524268	1.49159	0.94402	0.748197
2	48	B	1	-13.1464	0.0322327	-4.33922	0.101268	1.43099	1.41086	29.8407	3.76324
2	48	A	2	-19.8228	0.0294395	-11.4036	0.0627743	0.501145	0.977135	1.17886	1.25235
2	48	B	2	-13.485	0.0299341	-5.34952	0.0629455	1.45421	1.27754	38.9897	10.0638
2	48	A	3	-18.4457	0.0314671	-12.0121	0.0675133	0.504178	0.984026	0.979187	0.980138
2	48	B	3	-12.2066	0.0318992	-5.78673	0.0676491	1.42839	1.19686	40.5846	13.3277
2	48	A	4	-17.6126	0.038072	-12.175	0.0687388	0.569583	0.926261	0.877938	1.14647
2	48	B	4	-11.3822	0.0384519	-6.23565	0.0688604	1.42262	1.1033	33.2708	9.92009
