1	1	A	1	11.8533	0.000158391	0	0	0	0	0	0
1	1	B	1	11.8533	0.000158391	0	0	0	0	0	0
1	1	A	2	11.2779	0.000159910	0	0	0	0	0	0
1	1	B	2	11.2779	0.000159910	0	0	0	0	0	0
1	1	A	3	11.1429	0.000175800	0	0	0	0	0	0
1	1	B	3	11.1429	0.000175800	0	0	0	0	0	0
1	1	A	4	11.0629	0.000206158	0	0	0	0	0	0
1	1	B	4	11.0629	0.000206158	0	0	0	0	0	0
1	2	A	1	11.7723	0.000184154	0	0	0	0	0	0
1	2	B	1	11.7723	0.000184154	0	0	0	0	0	0
1	2	A	2	11.2109	0.000191202	0	0	0	0	0	0
1	2	B	2	11.2109	0.000191202	0	0	0	0	0	0
1	2	A	3	11.7651	0.000166477	0	0	0	0	0	0
1	2	B	3	11.7651	0.000166477	0	0	0	0	0	0
1	2	A	4	11.5031	0.000208160	0	0	0	0	0	0
1	2	B	4	11.5031	0.000208160	0	0	0	0	0	0
1	3	A	1	11.9509	0.000155452	0	0	0	0	0	0
1	3	B	1	11.9509	0.000155452	0	0	0	0	0	0
1	3	A	2	11.3959	0.000162344	0	0	0	0	0	0
1	3	B	2	11.3959	0.000162344	0	0	0	0	0	0
1	3	A	3	11.2144	0.000172088	0	0	0	0	0	0
1	3	B	3	11.2144	0.000172088	0	0	0	0	0	0
1	3	A	4	11.1386	0.000205067	0	0	0	0	0	0
1	3	B	4	11.1386	0.000205067	0	0	0	0	0	0
1	4	A	1	12.2334	0.000224277	0	0	0	0	0	0
1	4	B	1	12.2334	0.000224277	0	0	0	0	0	0
1	4	A	2	11.5373	0.000223422	0	0	0	0	0	0
1	4	B	2	11.5373	0.000223422	0	0	0	0	0	0
1	4	A	3	11.6911	0.000228990	0	0	0	0	0	0
1	4	B	3	11.6911	0.000228990	0	0	0	0	0	0
1	4	A	4	11.4408	0.000267866	0	0	0	0	0	0
1	4	B	4	11.4408	0.000267866	0	0	0	0	0	0
1	5	A	1	11.8185	0.000176565	0	0	0	0	0	0
1	5	B	1	11.8185	0.000176565	0	0	0	0	0	0
1	5	A	2	11.3434	0.000186268	0	0	0	0	0	0
1	5	B	2	11.3434	0.000186268	0	0	0	0	0	0
1	5	A	3	11.1455	0.000198434	0	0	0	0	0	0
1	5	B	3	11.1455	0.000198434	0	0	0	0	0	0
1	5	A	4	11.1776	0.000216936	0	0	0	0	0	0
1	5	B	4	11.1776	0.000216936	0	0	0	0	0	0
1	6	A	1	11.7097	0.000180777	0	0	0	0	0	0
1	6	B	1	11.7097	0.000180777	0	0	0	0	0	0
1	6	A	2	11.0928	0.000194489	0	0	0	0	0	0
1	6	B	2	11.0928	0.000194489	0	0	0	0	0	0
1	6	A	3	11.1405	0.000203757	0	0	0	0	0	0
1	6	B	3	11.1405	0.000203757	0	0	0	0	0	0
1	6	A	4	11.1868	0.000229772	0	0	0	0	0	0
1	6	B	4	11.1868	0.000229772	0	0	0	0	0	0
1	7	A	1	11.5775	0.000184565	0	0	0	0	0	0
1	7	B	1	11.5775	0.000184565	0	0	0	0	0	0
1	7	A	2	11.1477	0.000197791	0	0	0	0	0	0
1	7	B	2	11.1477	0.000197791	0	0	0	0	0	0
1	7	A	3	11.0432	0.000204274	0	0	0	0	0	0
1	7	B	3	11.0432	0.000204274	0	0	0	0	0	0
1	7	A	4	11.0380	0.000228310	0	0	0	0	0	0
1	7	B	4	11.0380	0.000228310	0	0	0	0	0	0
1	8	A	1	11.7789	0.000177129	0	0	0	0	0	0
1	8	B	1	11.7789	0.000177129	0	0	0	0	0	0
1	8	A	2	11.3919	0.000176691	0	0	0	0	0	0
1	8	B	2	11.3919	0.000176691	0	0	0	0	0	0
1	8	A	3	11.3097	0.000188998	0	0	0	0	0	0
1	8	B	3	11.3097	0.000188998	0	0	0	0	0	0
1	8	A	4	11.1375	0.000213183	0	0	0	0	0	0
1	8	B	4	11.1375	0.000213183	0	0	0	0	0	0
1	9	A	1	11.2882	0.000182559	0	0	0	0	0	0
1	9	B	1	11.2882	0.000182559	0	0	0	0	0	0
1	9	A	2	10.8693	0.000190726	0	0	0	0	0	0
1	9	B	2	10.8693	0.000190726	0	0	0	0	0	0
1	9	A	3	10.8092	0.000207099	0	0	0	0	0	0
1	9	B	3	10.8092	0.000207099	0	0	0	0	0	0
1	9	A	4	10.9274	0.000222115	0	0	0	0	0	0
1	9	B	4	10.9274	0.000222115	0	0	0	0	0	0
1	10	A	1	11.7102	0.000254826	0	0	0	0	0	0
1	10	B	1	11.7102	0.000254826	0	0	0	0	0	0
1	10	A	2	11.2557	0.000258383	0	0	0	0	0	0
1	10	B	2	11.2557	0.000258383	0	0	0	0	0	0
1	10	A	3	11.3672	0.000255266	0	0	0	0	0	0
1	10	B	3	11.3672	0.000255266	0	0	0	0	0	0
1	10	A	4	11.2263	0.000289600	0	0	0	0	0	0
1	10	B	4	11.2263	0.000289600	0	0	0	0	0	0
1	11	A	1	11.5705	0.000176420	0	0	0	0	0	0
1	11	B	1	11.5705	0.000176420	0	0	0	0	0	0
1	11	A	2	11.0564	0.000186304	0	0	0	0	0	0
1	11	B	2	11.0564	0.000186304	0	0	0	0	0	0
1	11	A	3	10.9347	0.000194503	0	0	0	0	0	0
1	11	B	3	10.9347	0.000194503	0	0	0	0	0	0
1	11	A	4	10.9109	0.000212074	0	0	0	0	0	0
1	11	B	4	10.9109	0.000212074	0	0	0	0	0	0
1	12	A	1	11.9904	0.000174704	0	0	0	0	0	0
1	12	B	1	11.9904	0.000174704	0	0	0	0	0	0
1	12	A	2	11.3440	0.000180082	0	0	0	0	0	0
1	12	B	2	11.3440	0.000180082	0	0	0	0	0	0
1	12	A	3	11.3640	0.000197084	0	0	0	0	0	0
1	12	B	3	11.3640	0.000197084	0	0	0	0	0	0
1	12	A	4	11.2623	0.000230792	0	0	0	0	0	0
1	12	B	4	11.2623	0.000230792	0	0	0	0	0	0
1	13	A	1	12.0447	0.000168777	0	0	0	0	0	0
1	13	B	1	12.0447	0.000168777	0	0	0	0	0	0
1	13	A	2	11.4608	0.000174057	0	0	0	0	0	0
1	13	B	2	11.4608	0.000174057	0	0	0	0	0	0
1	13	A	3	11.3467	0.000188330	0	0	0	0	0	0
1	13	B	3	11.3467	0.000188330	0	0	0	0	0	0
1	13	A	4	11.2470	0.000217441	0	0	0	0	0	0
1	13	B	4	11.2470	0.000217441	0	0	0	0	0	0
1	14	A	1	11.8046	0.000165093	0	0	0	0	0	0
1	14	B	1	11.8046	0.000165093	0	0	0	0	0	0
1	14	A	2	11.2715	0.000191663	0	0	0	0	0	0
1	14	B	2	11.2715	0.000191663	0	0	0	0	0	0
1	14	A	3	11.6472	0.000183681	0	0	0	0	0	0
1	14	B	3	11.6472	0.000183681	0	0	0	0	0	0
1	14	A	4	11.4038	0.000239177	0	0	0	0	0	0
1	14	B	4	11.4038	0.000239177	0	0	0	0	0	0
1	15	A	1	12.2281	0.000187342	0	0	0	0	0	0
1	15	B	1	12.2281	0.000187342	0	0	0	0	0	0
1	15	A	2	11.6459	0.000179069	0	0	0	0	0	0
1	15	B	2	11.6459	0.000179069	0	0	0	0	0	0
1	15	A	3	11.5492	0.000187271	0	0	0	0	0	0
1	15	B	3	11.5492	0.000187271	0	0	0	0	0	0
1	15	A	4	11.4543	0.000220776	0	0	0	0	0	0
1	15	B	4	11.4543	0.000220776	0	0	0	0	0	0
1	16	A	1	12.2607	0.000227481	0	0	0	0	0	0
1	16	B	1	12.2607	0.000227481	0	0	0	0	0	0
1	16	A	2	11.4529	0.000222805	0	0	0	0	0	0
1	16	B	2	11.4529	0.000222805	0	0	0	0	0	0
1	16	A	3	11.5037	0.000233395	0	0	0	0	0	0
1	16	B	3	11.5037	0.000233395	0	0	0	0	0	0
1	16	A	4	11.3444	0.000280504	0	0	0	0	0	0
1	16	B	4	11.3444	0.000280504	0	0	0	0	0	0
1	17	A	1	12.1174	0.000176929	0	0	0	0	0	0
1	17	B	1	12.1174	0.000176929	0	0	0	0	0	0
1	17	A	2	11.6289	0.000186348	0	0	0	0	0	0
1	17	B	2	11.6289	0.000186348	0	0	0	0	0	0
1	17	A	3	11.3637	0.000200321	0	0	0	0	0	0
1	17	B	3	11.3637	0.000200321	0	0	0	0	0	0
1	17	A	4	11.3808	0.000226353	0	0	0	0	0	0
1	17	B	4	11.3808	0.000226353	0	0	0	0	0	0
1	18	A	1	11.9668	0.000184173	0	0	0	0	0	0
1	18	B	1	11.9668	0.000184173	0	0	0	0	0	0
1	18	A	2	11.4508	0.000188054	0	0	0	0	0	0
1	18	B	2	11.4508	0.000188054	0	0	0	0	0	0
1	18	A	3	11.4462	0.000195039	0	0	0	0	0	0
1	18	B	3	11.4462	0.000195039	0	0	0	0	0	0
1	18	A	4	11.4257	0.000225934	0	0	0	0	0	0
1	18	B	4	11.4257	0.000225934	0	0	0	0	0	0
1	19	A	1	11.4565	0.000184764	0	0	0	0	0	0
1	19	B	1	11.4565	0.000184764	0	0	0	0	0	0
1	19	A	2	10.9060	0.000196023	0	0	0	0	0	0
1	19	B	2	10.9060	0.000196023	0	0	0	0	0	0
1	19	A	3	10.8824	0.000203476	0	0	0	0	0	0
1	19	B	3	10.8824	0.000203476	0	0	0	0	0	0
1	19	A	4	10.8735	0.000231358	0	0	0	0	0	0
1	19	B	4	10.8735	0.000231358	0	0	0	0	0	0
1	20	A	1	11.6887	0.000190191	0	0	0	0	0	0
1	20	B	1	11.6887	0.000190191	0	0	0	0	0	0
1	20	A	2	11.1167	0.000189224	0	0	0	0	0	0
1	20	B	2	11.1167	0.000189224	0	0	0	0	0	0
1	20	A	3	11.1058	0.000202141	0	0	0	0	0	0
1	20	B	3	11.1058	0.000202141	0	0	0	0	0	0
1	20	A	4	11.0359	0.000226108	0	0	0	0	0	0
1	20	B	4	11.0359	0.000226108	0	0	0	0	0	0
1	21	A	1	11.8810	0.000176347	0	0	0	0	0	0
1	21	B	1	11.8810	0.000176347	0	0	0	0	0	0
1	21	A	2	11.3164	0.000178125	0	0	0	0	0	0
1	21	B	2	11.3164	0.000178125	0	0	0	0	0	0
1	21	A	3	11.3380	0.000209874	0	0	0	0	0	0
1	21	B	3	11.3380	0.000209874	0	0	0	0	0	0
1	21	A	4	11.1767	0.000222429	0	0	0	0	0	0
1	21	B	4	11.1767	0.000222429	0	0	0	0	0	0
1	22	A	1	12.0526	0.000277109	0	0	0	0	0	0
1	22	B	1	12.0526	0.000277109	0	0	0	0	0	0
1	22	A	2	11.5373	0.000286030	0	0	0	0	0	0
1	22	B	2	11.5373	0.000286030	0	0	0	0	0	0
1	22	A	3	11.5731	0.000275987	0	0	0	0	0	0
1	22	B	3	11.5731	0.000275987	0	0	0	0	0	0
1	22	A	4	11.4452	0.000310112	0	0	0	0	0	0
1	22	B	4	11.4452	0.000310112	0	0	0	0	0	0
1	23	A	1	11.7963	0.000194012	0	0	0	0	0	0
1	23	B	1	11.7963	0.000194012	0	0	0	0	0	0
1	23	A	2	11.2577	0.000207336	0	0	0	0	0	0
1	23	B	2	11.2577	0.000207336	0	0	0	0	0	0
1	23	A	3	11.2581	0.000213581	0	0	0	0	0	0
1	23	B	3	11.2581	0.000213581	0	0	0	0	0	0
1	23	A	4	11.2018	0.000237573	0	0	0	0	0	0
1	23	B	4	11.2018	0.000237573	0	0	0	0	0	0
1	24	A	1	11.9794	0.000180052	0	0	0	0	0	0
1	24	B	1	11.9794	0.000180052	0	0	0	0	0	0
1	24	A	2	11.2911	0.000204564	0	0	0	0	0	0
1	24	B	2	11.2911	0.000204564	0	0	0	0	0	0
1	24	A	3	11.3219	0.000214737	0	0	0	0	0	0
1	24	B	3	11.3219	0.000214737	0	0	0	0	0	0
1	24	A	4	11.2770	0.000249851	0	0	0	0	0	0
1	24	B	4	11.2770	0.000249851	0	0	0	0	0	0
1	25	A	1	11.7380	0.000196119	0	0	0	0	0	0
1	25	B	1	11.7380	0.000196119	0	0	0	0	0	0
1	25	A	2	11.1320	0.000181005	0	0	0	0	0	0
1	25	B	2	11.1320	0.000181005	0	0	0	0	0	0
1	25	A	3	11.0471	0.000199917	0	0	0	0	0	0
1	25	B	3	11.0471	0.000199917	0	0	0	0	0	0
1	25	A	4	11.0148	0.000228317	0	0	0	0	0	0
1	25	B	4	11.0148	0.000228317	0	0	0	0	0	0
1	26	A	1	11.8646	0.000186672	0	0	0	0	0	0
1	26	B	1	11.8646	0.000186672	0	0	0	0	0	0
1	26	A	2	11.3327	0.000207463	0	0	0	0	0	0
1	26	B	2	11.3327	0.000207463	0	0	0	0	0	0
1	26	A	3	11.8287	0.000183402	0	0	0	0	0	0
1	26	B	3	11.8287	0.000183402	0	0	0	0	0	0
1	26	A	4	11.6035	0.000222688	0	0	0	0	0	0
1	26	B	4	11.6035	0.000222688	0	0	0	0	0	0
1	27	A	1	11.7626	0.000185351	0	0	0	0	0	0
1	27	B	1	11.7626	0.000185351	0	0	0	0	0	0
1	27	A	2	11.2447	0.000183677	0	0	0	0	0	0
1	27	B	2	11.2447	0.000183677	0	0	0	0	0	0
1	27	A	3	11.1352	0.000189083	0	0	0	0	0	0
1	27	B	3	11.1352	0.000189083	0	0	0	0	0	0
1	27	A	4	11.0712	0.000237535	0	0	0	0	0	0
1	27	B	4	11.0712	0.000237535	0	0	0	0	0	0
1	28	A	1	12.0555	0.000246832	0	0	0	0	0	0
1	28	B	1	12.0555	0.000246832	0	0	0	0	0	0
1	28	A	2	11.1831	0.000308287	0	0	0	0	0	0
1	28	B	2	11.1831	0.000308287	0	0	0	0	0	0
1	28	A	3	11.4030	0.000304561	0	0	0	0	0	0
1	28	B	3	11.4030	0.000304561	0	0	0	0	0	0
1	28	A	4	11.2953	0.000334356	0	0	0	0	0	0
1	28	B	4	11.2953	0.000334356	0	0	0	0	0	0
1	29	A	1	11.5509	0.000191417	0	0	0	0	0	0
1	29	B	1	11.5509	0.000191417	0	0	0	0	0	0
1	29	A	2	11.0894	0.000194779	0	0	0	0	0	0
1	29	B	2	11.0894	0.000194779	0	0	0	0	0	0
1	29	A	3	10.8982	0.000213774	0	0	0	0	0	0
1	29	B	3	10.8982	0.000213774	0	0	0	0	0	0
1	29	A	4	11.0032	0.000249421	0	0	0	0	0	0
1	29	B	4	11.0032	0.000249421	0	0	0	0	0	0
1	30	A	1	11.6860	0.000197808	0	0	0	0	0	0
1	30	B	1	11.6860	0.000197808	0	0	0	0	0	0
1	30	A	2	11.2383	0.000222048	0	0	0	0	0	0
1	30	B	2	11.2383	0.000222048	0	0	0	0	0	0
1	30	A	3	11.2387	0.000229259	0	0	0	0	0	0
1	30	B	3	11.2387	0.000229259	0	0	0	0	0	0
1	30	A	4	11.2650	0.000250981	0	0	0	0	0	0
1	30	B	4	11.2650	0.000250981	0	0	0	0	0	0
1	31	A	1	11.2059	0.000197049	0	0	0	0	0	0
1	31	B	1	11.2059	0.000197049	0	0	0	0	0	0
1	31	A	2	10.9236	0.000215208	0	0	0	0	0	0
1	31	B	2	10.9236	0.000215208	0	0	0	0	0	0
1	31	A	3	10.7888	0.000220788	0	0	0	0	0	0
1	31	B	3	10.7888	0.000220788	0	0	0	0	0	0
1	31	A	4	10.8962	0.000259568	0	0	0	0	0	0
1	31	B	4	10.8962	0.000259568	0	0	0	0	0	0
1	32	A	1	11.5559	0.000226599	0	0	0	0	0	0
1	32	B	1	11.5559	0.000226599	0	0	0	0	0	0
1	32	A	2	11.0684	0.000262411	0	0	0	0	0	0
1	32	B	2	11.0684	0.000262411	0	0	0	0	0	0
1	32	A	3	11.0870	0.000272751	0	0	0	0	0	0
1	32	B	3	11.0870	0.000272751	0	0	0	0	0	0
1	32	A	4	11.0314	0.000327847	0	0	0	0	0	0
1	32	B	4	11.0314	0.000327847	0	0	0	0	0	0
1	33	A	1	11.2732	0.000222409	0	0	0	0	0	0
1	33	B	1	11.2732	0.000222409	0	0	0	0	0	0
1	33	A	2	10.8594	0.000206885	0	0	0	0	0	0
1	33	B	2	10.8594	0.000206885	0	0	0	0	0	0
1	33	A	3	10.8320	0.000229237	0	0	0	0	0	0
1	33	B	3	10.8320	0.000229237	0	0	0	0	0	0
1	33	A	4	10.8537	0.000311591	0	0	0	0	0	0
1	33	B	4	10.8537	0.000311591	0	0	0	0	0	0
1	34	A	1	11.9860	0.000355544	0	0	0	0	0	0
1	34	B	1	11.9860	0.000355544	0	0	0	0	0	0
1	34	A	2	11.4683	0.000340335	0	0	0	0	0	0
1	34	B	2	11.4683	0.000340335	0	0	0	0	0	0
1	34	A	3	11.5028	0.000355874	0	0	0	0	0	0
1	34	B	3	11.5028	0.000355874	0	0	0	0	0	0
1	34	A	4	11.3968	0.000428258	0	0	0	0	0	0
1	34	B	4	11.3968	0.000428258	0	0	0	0	0	0
1	35	A	1	11.8452	0.000280432	0	0	0	0	0	0
1	35	B	1	11.8452	0.000280432	0	0	0	0	0	0
1	35	A	2	11.3274	0.000199824	0	0	0	0	0	0
1	35	B	2	11.3274	0.000199824	0	0	0	0	0	0
1	35	A	3	11.2104	0.000284733	0	0	0	0	0	0
1	35	B	3	11.2104	0.000284733	0	0	0	0	0	0
1	35	A	4	11.1698	0.000336676	0	0	0	0	0	0
1	35	B	4	11.1698	0.000336676	0	0	0	0	0	0
1	36	A	1	11.7250	0.000218106	0	0	0	0	0	0
1	36	B	1	11.7250	0.000218106	0	0	0	0	0	0
1	36	A	2	11.1218	0.000230932	0	0	0	0	0	0
1	36	B	2	11.1218	0.000230932	0	0	0	0	0	0
1	36	A	3	11.3116	0.000243190	0	0	0	0	0	0
1	36	B	3	11.3116	0.000243190	0	0	0	0	0	0
1	36	A	4	11.0957	0.000298676	0	0	0	0	0	0
1	36	B	4	11.0957	0.000298676	0	0	0	0	0	0
1	37	A	1	11.7692	0.000194305	0	0	0	0	0	0
1	37	B	1	11.7692	0.000194305	0	0	0	0	0	0
1	37	A	2	11.2921	0.000211151	0	0	0	0	0	0
1	37	B	2	11.2921	0.000211151	0	0	0	0	0	0
1	37	A	3	11.1381	0.000239396	0	0	0	0	0	0
1	37	B	3	11.1381	0.000239396	0	0	0	0	0	0
1	37	A	4	10.9468	0.000252637	0	0	0	0	0	0
1	37	B	4	10.9468	0.000252637	0	0	0	0	0	0
1	38	A	1	11.8315	0.000217825	0	0	0	0	0	0
1	38	B	1	11.8315	0.000217825	0	0	0	0	0	0
1	38	A	2	11.3728	0.000216847	0	0	0	0	0	0
1	38	B	2	11.3728	0.000216847	0	0	0	0	0	0
1	38	A	3	11.8426	0.000197548	0	0	0	0	0	0
1	38	B	3	11.8426	0.000197548	0	0	0	0	0	0
1	38	A	4	11.6522	0.000243052	0	0	0	0	0	0
1	38	B	4	11.6522	0.000243052	0	0	0	0	0	0
1	39	A	1	12.0322	0.000184074	0	0	0	0	0	0
1	39	B	1	12.0322	0.000184074	0	0	0	0	0	0
1	39	A	2	11.4454	0.000183950	0	0	0	0	0	0
1	39	B	2	11.4454	0.000183950	0	0	0	0	0	0
1	39	A	3	11.3070	0.000201201	0	0	0	0	0	0
1	39	B	3	11.3070	0.000201201	0	0	0	0	0	0
1	39	A	4	11.2636	0.000247901	0	0	0	0	0	0
1	39	B	4	11.2636	0.000247901	0	0	0	0	0	0
1	40	A	1	12.1413	0.000281558	0	0	0	0	0	0
1	40	B	1	12.1413	0.000281558	0	0	0	0	0	0
1	40	A	2	11.4080	0.000277971	0	0	0	0	0	0
1	40	B	2	11.4080	0.000277971	0	0	0	0	0	0
1	40	A	3	11.4909	0.000290991	0	0	0	0	0	0
1	40	B	3	11.4909	0.000290991	0	0	0	0	0	0
1	40	A	4	11.3466	0.000333606	0	0	0	0	0	0
1	40	B	4	11.3466	0.000333606	0	0	0	0	0	0
1	41	A	1	11.6399	0.000222096	0	0	0	0	0	0
1	41	B	1	11.6399	0.000222096	0	0	0	0	0	0
1	41	A	2	11.1920	0.000223728	0	0	0	0	0	0
1	41	B	2	11.1920	0.000223728	0	0	0	0	0	0
1	41	A	3	10.9919	0.000226896	0	0	0	0	0	0
1	41	B	3	10.9919	0.000226896	0	0	0	0	0	0
1	41	A	4	10.9084	0.000245945	0	0	0	0	0	0
1	41	B	4	10.9084	0.000245945	0	0	0	0	0	0
1	42	A	1	12.2879	0.000235067	0	0	0	0	0	0
1	42	B	1	12.2879	0.000235067	0	0	0	0	0	0
1	42	A	2	11.7385	0.000286864	0	0	0	0	0	0
1	42	B	2	11.7385	0.000286864	0	0	0	0	0	0
1	42	A	3	11.8924	0.000265659	0	0	0	0	0	0
1	42	B	3	11.8924	0.000265659	0	0	0	0	0	0
1	42	A	4	11.8671	0.000316076	0	0	0	0	0	0
1	42	B	4	11.8671	0.000316076	0	0	0	0	0	0
1	43	A	1	11.3791	0.000213556	0	0	0	0	0	0
1	43	B	1	11.3791	0.000213556	0	0	0	0	0	0
1	43	A	2	10.9039	0.000229769	0	0	0	0	0	0
1	43	B	2	10.9039	0.000229769	0	0	0	0	0	0
1	43	A	3	10.8646	0.000241971	0	0	0	0	0	0
1	43	B	3	10.8646	0.000241971	0	0	0	0	0	0
1	43	A	4	10.8713	0.000270857	0	0	0	0	0	0
1	43	B	4	10.8713	0.000270857	0	0	0	0	0	0
1	44	A	1	11.5764	0.000233488	0	0	0	0	0	0
1	44	B	1	11.5764	0.000233488	0	0	0	0	0	0
1	44	A	2	11.2108	0.000224529	0	0	0	0	0	0
1	44	B	2	11.2108	0.000224529	0	0	0	0	0	0
1	44	A	3	11.2208	0.000254822	0	0	0	0	0	0
1	44	B	3	11.2208	0.000254822	0	0	0	0	0	0
1	44	A	4	11.1236	0.000289990	0	0	0	0	0	0
1	44	B	4	11.1236	0.000289990	0	0	0	0	0	0
1	45	A	1	11.4940	0.000212261	0	0	0	0	0	0
1	45	B	1	11.4940	0.000212261	0	0	0	0	0	0
1	45	A	2	11.0131	0.000217270	0	0	0	0	0	0
1	45	B	2	11.0131	0.000217270	0	0	0	0	0	0
1	45	A	3	10.9660	0.000248714	0	0	0	0	0	0
1	45	B	3	10.9660	0.000248714	0	0	0	0	0	0
1	45	A	4	10.9691	0.000276565	0	0	0	0	0	0
1	45	B	4	10.9691	0.000276565	0	0	0	0	0	0
1	46	A	1	12.0216	0.000316801	0	0	0	0	0	0
1	46	B	1	12.0216	0.000316801	0	0	0	0	0	0
1	46	A	2	11.4485	0.000316486	0	0	0	0	0	0
1	46	B	2	11.4485	0.000316486	0	0	0	0	0	0
1	46	A	3	11.4729	0.000286366	0	0	0	0	0	0
1	46	B	3	11.4729	0.000286366	0	0	0	0	0	0
1	46	A	4	11.3725	0.000326478	0	0	0	0	0	0
1	46	B	4	11.3725	0.000326478	0	0	0	0	0	0
1	47	A	1	11.9306	0.000256525	0	0	0	0	0	0
1	47	B	1	11.9306	0.000256525	0	0	0	0	0	0
1	47	A	2	11.5654	0.000265251	0	0	0	0	0	0
1	47	B	2	11.5654	0.000265251	0	0	0	0	0	0
1	47	A	3	11.3596	0.000249312	0	0	0	0	0	0
1	47	B	3	11.3596	0.000249312	0	0	0	0	0	0
1	47	A	4	11.1934	0.000277746	0	0	0	0	0	0
1	47	B	4	11.1934	0.000277746	0	0	0	0	0	0
1	48	A	1	12.0648	0.000229227	0	0	0	0	0	0
1	48	B	1	12.0648	0.000229227	0	0	0	0	0	0
1	48	A	2	11.5768	0.000240492	0	0	0	0	0	0
1	48	B	2	11.5768	0.000240492	0	0	0	0	0	0
1	48	A	3	11.6861	0.000251442	0	0	0	0	0	0
1	48	B	3	11.6861	0.000251442	0	0	0	0	0	0
1	48	A	4	11.5554	0.000282233	0	0	0	0	0	0
1	48	B	4	11.5554	0.000282233	0	0	0	0	0	0
2	1	A	1	11.7699	0.000186566	0	0	0	0	0	0
2	1	B	1	11.7699	0.000186566	0	0	0	0	0	0
2	1	A	2	11.3033	0.000173374	0	0	0	0	0	0
2	1	B	2	11.3033	0.000173374	0	0	0	0	0	0
2	1	A	3	11.1470	0.000184823	0	0	0	0	0	0
2	1	B	3	11.1470	0.000184823	0	0	0	0	0	0
2	1	A	4	10.8921	0.000220965	0	0	0	0	0	0
2	1	B	4	10.8921	0.000220965	0	0	0	0	0	0
2	2	A	1	12.1334	0.000190863	0	0	0	0	0	0
2	2	B	1	12.1334	0.000190863	0	0	0	0	0	0
2	2	A	2	11.4878	0.000198060	0	0	0	0	0	0
2	2	B	2	11.4878	0.000198060	0	0	0	0	0	0
2	2	A	3	12.0499	0.000173798	0	0	0	0	0	0
2	2	B	3	12.0499	0.000173798	0	0	0	0	0	0
2	2	A	4	11.6482	0.000216843	0	0	0	0	0	0
2	2	B	4	11.6482	0.000216843	0	0	0	0	0	0
2	3	A	1	12.0479	0.000201484	0	0	0	0	0	0
2	3	B	1	12.0479	0.000201484	0	0	0	0	0	0
2	3	A	2	11.5614	0.000192128	0	0	0	0	0	0
2	3	B	2	11.5614	0.000192128	0	0	0	0	0	0
2	3	A	3	11.4354	0.000201374	0	0	0	0	0	0
2	3	B	3	11.4354	0.000201374	0	0	0	0	0	0
2	3	A	4	11.1995	0.000237459	0	0	0	0	0	0
2	3	B	4	11.1995	0.000237459	0	0	0	0	0	0
2	4	A	1	12.2927	0.000175607	0	0	0	0	0	0
2	4	B	1	12.2927	0.000175607	0	0	0	0	0	0
2	4	A	2	11.5895	0.000182112	0	0	0	0	0	0
2	4	B	2	11.5895	0.000182112	0	0	0	0	0	0
2	4	A	3	11.6020	0.000188613	0	0	0	0	0	0
2	4	B	3	11.6020	0.000188613	0	0	0	0	0	0
2	4	A	4	11.2733	0.000232342	0	0	0	0	0	0
2	4	B	4	11.2733	0.000232342	0	0	0	0	0	0
2	5	A	1	11.5870	0.000187591	0	0	0	0	0	0
2	5	B	1	11.5870	0.000187591	0	0	0	0	0	0
2	5	A	2	11.0924	0.000178724	0	0	0	0	0	0
2	5	B	2	11.0924	0.000178724	0	0	0	0	0	0
2	5	A	3	10.9387	0.000193688	0	0	0	0	0	0
2	5	B	3	10.9387	0.000193688	0	0	0	0	0	0
2	5	A	4	10.8465	0.000224228	0	0	0	0	0	0
2	5	B	4	10.8465	0.000224228	0	0	0	0	0	0
2	6	A	1	11.7566	0.000190232	0	0	0	0	0	0
2	6	B	1	11.7566	0.000190232	0	0	0	0	0	0
2	6	A	2	11.3136	0.000197867	0	0	0	0	0	0
2	6	B	2	11.3136	0.000197867	0	0	0	0	0	0
2	6	A	3	11.3058	0.000207885	0	0	0	0	0	0
2	6	B	3	11.3058	0.000207885	0	0	0	0	0	0
2	6	A	4	11.2741	0.000242329	0	0	0	0	0	0
2	6	B	4	11.2741	0.000242329	0	0	0	0	0	0
2	7	A	1	11.6416	0.000200589	0	0	0	0	0	0
2	7	B	1	11.6416	0.000200589	0	0	0	0	0	0
2	7	A	2	11.0956	0.000196714	0	0	0	0	0	0
2	7	B	2	11.0956	0.000196714	0	0	0	0	0	0
2	7	A	3	10.9543	0.000205376	0	0	0	0	0	0
2	7	B	3	10.9543	0.000205376	0	0	0	0	0	0
2	7	A	4	10.8192	0.000235186	0	0	0	0	0	0
2	7	B	4	10.8192	0.000235186	0	0	0	0	0	0
2	8	A	1	11.5370	0.000209987	0	0	0	0	0	0
2	8	B	1	11.5370	0.000209987	0	0	0	0	0	0
2	8	A	2	11.1302	0.000210895	0	0	0	0	0	0
2	8	B	2	11.1302	0.000210895	0	0	0	0	0	0
2	8	A	3	11.1154	0.000220411	0	0	0	0	0	0
2	8	B	3	11.1154	0.000220411	0	0	0	0	0	0
2	8	A	4	11.0551	0.000247495	0	0	0	0	0	0
2	8	B	4	11.0551	0.000247495	0	0	0	0	0	0
2	9	A	1	11.7914	0.000180316	0	0	0	0	0	0
2	9	B	1	11.7914	0.000180316	0	0	0	0	0	0
2	9	A	2	11.2788	0.000175424	0	0	0	0	0	0
2	9	B	2	11.2788	0.000175424	0	0	0	0	0	0
2	9	A	3	11.1773	0.000196602	0	0	0	0	0	0
2	9	B	3	11.1773	0.000196602	0	0	0	0	0	0
2	9	A	4	11.0704	0.000231000	0	0	0	0	0	0
2	9	B	4	11.0704	0.000231000	0	0	0	0	0	0
2	10	A	1	12.1233	0.000215975	0	0	0	0	0	0
2	10	B	1	12.1233	0.000215975	0	0	0	0	0	0
2	10	A	2	11.6772	0.000210647	0	0	0	0	0	0
2	10	B	2	11.6772	0.000210647	0	0	0	0	0	0
2	10	A	3	11.6479	0.000209963	0	0	0	0	0	0
2	10	B	3	11.6479	0.000209963	0	0	0	0	0	0
2	10	A	4	11.4630	0.000240439	0	0	0	0	0	0
2	10	B	4	11.4630	0.000240439	0	0	0	0	0	0
2	11	A	1	11.6861	0.000171356	0	0	0	0	0	0
2	11	B	1	11.6861	0.000171356	0	0	0	0	0	0
2	11	A	2	11.1723	0.000169911	0	0	0	0	0	0
2	11	B	2	11.1723	0.000169911	0	0	0	0	0	0
2	11	A	3	11.0674	0.000186408	0	0	0	0	0	0
2	11	B	3	11.0674	0.000186408	0	0	0	0	0	0
2	11	A	4	10.9406	0.000223456	0	0	0	0	0	0
2	11	B	4	10.9406	0.000223456	0	0	0	0	0	0
2	12	A	1	12.3757	0.000208582	0	0	0	0	0	0
2	12	B	1	12.3757	0.000208582	0	0	0	0	0	0
2	12	A	2	11.7421	0.000209616	0	0	0	0	0	0
2	12	B	2	11.7421	0.000209616	0	0	0	0	0	0
2	12	A	3	11.6719	0.000219012	0	0	0	0	0	0
2	12	B	3	11.6719	0.000219012	0	0	0	0	0	0
2	12	A	4	11.4916	0.000258590	0	0	0	0	0	0
2	12	B	4	11.4916	0.000258590	0	0	0	0	0	0
2	13	A	1	12.0956	0.000224496	0	0	0	0	0	0
2	13	B	1	12.0956	0.000224496	0	0	0	0	0	0
2	13	A	2	11.6308	0.000218214	0	0	0	0	0	0
2	13	B	2	11.6308	0.000218214	0	0	0	0	0	0
2	13	A	3	11.6023	0.000218057	0	0	0	0	0	0
2	13	B	3	11.6023	0.000218057	0	0	0	0	0	0
2	13	A	4	11.4243	0.000239167	0	0	0	0	0	0
2	13	B	4	11.4243	0.000239167	0	0	0	0	0	0
2	14	A	1	11.6241	0.000209343	0	0	0	0	0	0
2	14	B	1	11.6241	0.000209343	0	0	0	0	0	0
2	14	A	2	11.0498	0.000219586	0	0	0	0	0	0
2	14	B	2	11.0498	0.000219586	0	0	0	0	0	0
2	14	A	3	11.6833	0.000184473	0	0	0	0	0	0
2	14	B	3	11.6833	0.000184473	0	0	0	0	0	0
2	14	A	4	11.3649	0.000235778	0	0	0	0	0	0
2	14	B	4	11.3649	0.000235778	0	0	0	0	0	0
2	15	A	1	12.0982	0.000181180	0	0	0	0	0	0
2	15	B	1	12.0982	0.000181180	0	0	0	0	0	0
2	15	A	2	11.5371	0.000178564	0	0	0	0	0	0
2	15	B	2	11.5371	0.000178564	0	0	0	0	0	0
2	15	A	3	11.3390	0.000192766	0	0	0	0	0	0
2	15	B	3	11.3390	0.000192766	0	0	0	0	0	0
2	15	A	4	11.2035	0.000229796	0	0	0	0	0	0
2	15	B	4	11.2035	0.000229796	0	0	0	0	0	0
2	16	A	1	11.9845	0.000173618	0	0	0	0	0	0
2	16	B	1	11.9845	0.000173618	0	0	0	0	0	0
2	16	A	2	11.2659	0.000184777	0	0	0	0	0	0
2	16	B	2	11.2659	0.000184777	0	0	0	0	0	0
2	16	A	3	11.2577	0.000192071	0	0	0	0	0	0
2	16	B	3	11.2577	0.000192071	0	0	0	0	0	0
2	16	A	4	11.0380	0.000245220	0	0	0	0	0	0
2	16	B	4	11.0380	0.000245220	0	0	0	0	0	0
2	17	A	1	11.3106	0.000206553	0	0	0	0	0	0
2	17	B	1	11.3106	0.000206553	0	0	0	0	0	0
2	17	A	2	10.9312	0.000214964	0	0	0	0	0	0
2	17	B	2	10.9312	0.000214964	0	0	0	0	0	0
2	17	A	3	10.8113	0.000224910	0	0	0	0	0	0
2	17	B	3	10.8113	0.000224910	0	0	0	0	0	0
2	17	A	4	10.8456	0.000260822	0	0	0	0	0	0
2	17	B	4	10.8456	0.000260822	0	0	0	0	0	0
2	18	A	1	11.7662	0.000202418	0	0	0	0	0	0
2	18	B	1	11.7662	0.000202418	0	0	0	0	0	0
2	18	A	2	11.3494	0.000207973	0	0	0	0	0	0
2	18	B	2	11.3494	0.000207973	0	0	0	0	0	0
2	18	A	3	11.3066	0.000219217	0	0	0	0	0	0
2	18	B	3	11.3066	0.000219217	0	0	0	0	0	0
2	18	A	4	11.2707	0.000249141	0	0	0	0	0	0
2	18	B	4	11.2707	0.000249141	0	0	0	0	0	0
2	19	A	1	11.3866	0.000191563	0	0	0	0	0	0
2	19	B	1	11.3866	0.000191563	0	0	0	0	0	0
2	19	A	2	10.9041	0.000193305	0	0	0	0	0	0
2	19	B	2	10.9041	0.000193305	0	0	0	0	0	0
2	19	A	3	10.8399	0.000202232	0	0	0	0	0	0
2	19	B	3	10.8399	0.000202232	0	0	0	0	0	0
2	19	A	4	10.7385	0.000235006	0	0	0	0	0	0
2	19	B	4	10.7385	0.000235006	0	0	0	0	0	0
2	20	A	1	11.9956	0.000200039	0	0	0	0	0	0
2	20	B	1	11.9956	0.000200039	0	0	0	0	0	0
2	20	A	2	11.5023	0.000191149	0	0	0	0	0	0
2	20	B	2	11.5023	0.000191149	0	0	0	0	0	0
2	20	A	3	11.3952	0.000203490	0	0	0	0	0	0
2	20	B	3	11.3952	0.000203490	0	0	0	0	0	0
2	20	A	4	11.2689	0.000247301	0	0	0	0	0	0
2	20	B	4	11.2689	0.000247301	0	0	0	0	0	0
2	21	A	1	12.0715	0.000243305	0	0	0	0	0	0
2	21	B	1	12.0715	0.000243305	0	0	0	0	0	0
2	21	A	2	11.6057	0.000230134	0	0	0	0	0	0
2	21	B	2	11.6057	0.000230134	0	0	0	0	0	0
2	21	A	3	11.5209	0.000254902	0	0	0	0	0	0
2	21	B	3	11.5209	0.000254902	0	0	0	0	0	0
2	21	A	4	11.4154	0.000285933	0	0	0	0	0	0
2	21	B	4	11.4154	0.000285933	0	0	0	0	0	0
2	22	A	1	12.1532	0.000229209	0	0	0	0	0	0
2	22	B	1	12.1532	0.000229209	0	0	0	0	0	0
2	22	A	2	11.6352	0.000218378	0	0	0	0	0	0
2	22	B	2	11.6352	0.000218378	0	0	0	0	0	0
2	22	A	3	11.5221	0.000215677	0	0	0	0	0	0
2	22	B	3	11.5221	0.000215677	0	0	0	0	0	0
2	22	A	4	11.3125	0.000250104	0	0	0	0	0	0
2	22	B	4	11.3125	0.000250104	0	0	0	0	0	0
2	23	A	1	11.7597	0.000173860	0	0	0	0	0	0
2	23	B	1	11.7597	0.000173860	0	0	0	0	0	0
2	23	A	2	11.3427	0.000179415	0	0	0	0	0	0
2	23	B	2	11.3427	0.000179415	0	0	0	0	0	0
2	23	A	3	11.1549	0.000188961	0	0	0	0	0	0
2	23	B	3	11.1549	0.000188961	0	0	0	0	0	0
2	23	A	4	11.0438	0.000229768	0	0	0	0	0	0
2	23	B	4	11.0438	0.000229768	0	0	0	0	0	0
2	24	A	1	11.9506	0.000190523	0	0	0	0	0	0
2	24	B	1	11.9506	0.000190523	0	0	0	0	0	0
2	24	A	2	11.3321	0.000195034	0	0	0	0	0	0
2	24	B	2	11.3321	0.000195034	0	0	0	0	0	0
2	24	A	3	11.3440	0.000201953	0	0	0	0	0	0
2	24	B	3	11.3440	0.000201953	0	0	0	0	0	0
2	24	A	4	11.2203	0.000244932	0	0	0	0	0	0
2	24	B	4	11.2203	0.000244932	0	0	0	0	0	0
2	25	A	1	11.8828	0.000217537	0	0	0	0	0	0
2	25	B	1	11.8828	0.000217537	0	0	0	0	0	0
2	25	A	2	11.3781	0.000204589	0	0	0	0	0	0
2	25	B	2	11.3781	0.000204589	0	0	0	0	0	0
2	25	A	3	11.2620	0.000218500	0	0	0	0	0	0
2	25	B	3	11.2620	0.000218500	0	0	0	0	0	0
2	25	A	4	11.1116	0.000261016	0	0	0	0	0	0
2	25	B	4	11.1116	0.000261016	0	0	0	0	0	0
2	26	A	1	11.8050	0.000219649	0	0	0	0	0	0
2	26	B	1	11.8050	0.000219649	0	0	0	0	0	0
2	26	A	2	11.2306	0.000234292	0	0	0	0	0	0
2	26	B	2	11.2306	0.000234292	0	0	0	0	0	0
2	26	A	3	11.8677	0.000320441	0	0	0	0	0	0
2	26	B	3	11.8677	0.000320441	0	0	0	0	0	0
2	26	A	4	11.8038	0.000425651	0	0	0	0	0	0
2	26	B	4	11.8038	0.000425651	0	0	0	0	0	0
2	27	A	1	12.2322	0.000233377	0	0	0	0	0	0
2	27	B	1	12.2322	0.000233377	0	0	0	0	0	0
2	27	A	2	11.6912	0.000320668	0	0	0	0	0	0
2	27	B	2	11.6912	0.000320668	0	0	0	0	0	0
2	27	A	3	11.5982	0.000337922	0	0	0	0	0	0
2	27	B	3	11.5982	0.000337922	0	0	0	0	0	0
2	27	A	4	11.3998	0.000275304	0	0	0	0	0	0
2	27	B	4	11.3998	0.000275304	0	0	0	0	0	0
2	28	A	1	12.5168	0.000323459	0	0	0	0	0	0
2	28	B	1	12.5168	0.000323459	0	0	0	0	0	0
2	28	A	2	11.9117	0.000406684	0	0	0	0	0	0
2	28	B	2	11.9117	0.000406684	0	0	0	0	0	0
2	28	A	3	12.1673	0.000376013	0	0	0	0	0	0
2	28	B	3	12.1673	0.000376013	0	0	0	0	0	0
2	28	A	4	11.6991	0.000309746	0	0	0	0	0	0
2	28	B	4	11.6991	0.000309746	0	0	0	0	0	0
2	29	A	1	11.9792	0.000223352	0	0	0	0	0	0
2	29	B	1	11.9792	0.000223352	0	0	0	0	0	0
2	29	A	2	11.4666	0.000214773	0	0	0	0	0	0
2	29	B	2	11.4666	0.000214773	0	0	0	0	0	0
2	29	A	3	11.2421	0.000226380	0	0	0	0	0	0
2	29	B	3	11.2421	0.000226380	0	0	0	0	0	0
2	29	A	4	11.1490	0.000267274	0	0	0	0	0	0
2	29	B	4	11.1490	0.000267274	0	0	0	0	0	0
2	30	A	1	11.7603	0.000238437	0	0	0	0	0	0
2	30	B	1	11.7603	0.000238437	0	0	0	0	0	0
2	30	A	2	11.3110	0.000244156	0	0	0	0	0	0
2	30	B	2	11.3110	0.000244156	0	0	0	0	0	0
2	30	A	3	11.2464	0.000257146	0	0	0	0	0	0
2	30	B	3	11.2464	0.000257146	0	0	0	0	0	0
2	30	A	4	11.1916	0.000317755	0	0	0	0	0	0
2	30	B	4	11.1916	0.000317755	0	0	0	0	0	0
2	31	A	1	11.6779	0.000310175	0	0	0	0	0	0
2	31	B	1	11.6779	0.000310175	0	0	0	0	0	0
2	31	A	2	11.2755	0.000256211	0	0	0	0	0	0
2	31	B	2	11.2755	0.000256211	0	0	0	0	0	0
2	31	A	3	11.2850	0.000264706	0	0	0	0	0	0
2	31	B	3	11.2850	0.000264706	0	0	0	0	0	0
2	31	A	4	11.2130	0.000295894	0	0	0	0	0	0
2	31	B	4	11.2130	0.000295894	0	0	0	0	0	0
2	32	A	1	11.5259	0.000255520	0	0	0	0	0	0
2	32	B	1	11.5259	0.000255520	0	0	0	0	0	0
2	32	A	2	11.0021	0.000269601	0	0	0	0	0	0
2	32	B	2	11.0021	0.000269601	0	0	0	0	0	0
2	32	A	3	11.0290	0.000304021	0	0	0	0	0	0
2	32	B	3	11.0290	0.000304021	0	0	0	0	0	0
2	32	A	4	10.9547	0.000354194	0	0	0	0	0	0
2	32	B	4	10.9547	0.000354194	0	0	0	0	0	0
2	33	A	1	11.5568	0.000245321	0	0	0	0	0	0
2	33	B	1	11.5568	0.000245321	0	0	0	0	0	0
2	33	A	2	10.9807	0.000227717	0	0	0	0	0	0
2	33	B	2	10.9807	0.000227717	0	0	0	0	0	0
2	33	A	3	10.9174	0.000280337	0	0	0	0	0	0
2	33	B	3	10.9174	0.000280337	0	0	0	0	0	0
2	33	A	4	10.9648	0.000298173	0	0	0	0	0	0
2	33	B	4	10.9648	0.000298173	0	0	0	0	0	0
2	34	A	1	11.8894	0.000432883	0	0	0	0	0	0
2	34	B	1	11.8894	0.000432883	0	0	0	0	0	0
2	34	A	2	11.5147	0.000365862	0	0	0	0	0	0
2	34	B	2	11.5147	0.000365862	0	0	0	0	0	0
2	34	A	3	11.3536	0.000370757	0	0	0	0	0	0
2	34	B	3	11.3536	0.000370757	0	0	0	0	0	0
2	34	A	4	11.3000	0.000440578	0	0	0	0	0	0
2	34	B	4	11.3000	0.000440578	0	0	0	0	0	0
2	35	A	1	11.6027	0.000274814	0	0	0	0	0	0
2	35	B	1	11.6027	0.000274814	0	0	0	0	0	0
2	35	A	2	11.1720	0.000265989	0	0	0	0	0	0
2	35	B	2	11.1720	0.000265989	0	0	0	0	0	0
2	35	A	3	11.0848	0.000297674	0	0	0	0	0	0
2	35	B	3	11.0848	0.000297674	0	0	0	0	0	0
2	35	A	4	11.1041	0.000365979	0	0	0	0	0	0
2	35	B	4	11.1041	0.000365979	0	0	0	0	0	0
2	36	A	1	12.1214	0.000350557	0	0	0	0	0	0
2	36	B	1	12.1214	0.000350557	0	0	0	0	0	0
2	36	A	2	11.5894	0.000328451	0	0	0	0	0	0
2	36	B	2	11.5894	0.000328451	0	0	0	0	0	0
2	36	A	3	11.4911	0.000320002	0	0	0	0	0	0
2	36	B	3	11.4911	0.000320002	0	0	0	0	0	0
2	36	A	4	11.4519	0.000431067	0	0	0	0	0	0
2	36	B	4	11.4519	0.000431067	0	0	0	0	0	0
2	37	A	1	11.8113	0.000197039	0	0	0	0	0	0
2	37	B	1	11.8113	0.000197039	0	0	0	0	0	0
2	37	A	2	11.3270	0.000187730	0	0	0	0	0	0
2	37	B	2	11.3270	0.000187730	0	0	0	0	0	0
2	37	A	3	11.2059	0.000198144	0	0	0	0	0	0
2	37	B	3	11.2059	0.000198144	0	0	0	0	0	0
2	37	A	4	11.0374	0.000227252	0	0	0	0	0	0
2	37	B	4	11.0374	0.000227252	0	0	0	0	0	0
2	38	A	1	11.6154	0.000204617	0	0	0	0	0	0
2	38	B	1	11.6154	0.000204617	0	0	0	0	0	0
2	38	A	2	11.1145	0.000229230	0	0	0	0	0	0
2	38	B	2	11.1145	0.000229230	0	0	0	0	0	0
2	38	A	3	11.6539	0.000198285	0	0	0	0	0	0
2	38	B	3	11.6539	0.000198285	0	0	0	0	0	0
2	38	A	4	11.4011	0.000240039	0	0	0	0	0	0
2	38	B	4	11.4011	0.000240039	0	0	0	0	0	0
2	39	A	1	12.1022	0.000206075	0	0	0	0	0	0
2	39	B	1	12.1022	0.000206075	0	0	0	0	0	0
2	39	A	2	11.6196	0.000189574	0	0	0	0	0	0
2	39	B	2	11.6196	0.000189574	0	0	0	0	0	0
2	39	A	3	11.5011	0.000194174	0	0	0	0	0	0
2	39	B	3	11.5011	0.000194174	0	0	0	0	0	0
2	39	A	4	11.3774	0.000240172	0	0	0	0	0	0
2	39	B	4	11.3774	0.000240172	0	0	0	0	0	0
2	40	A	1	11.9577	0.000197140	0	0	0	0	0	0
2	40	B	1	11.9577	0.000197140	0	0	0	0	0	0
2	40	A	2	11.2067	0.000205663	0	0	0	0	0	0
2	40	B	2	11.2067	0.000205663	0	0	0	0	0	0
2	40	A	3	11.3313	0.000205979	0	0	0	0	0	0
2	40	B	3	11.3313	0.000205979	0	0	0	0	0	0
2	40	A	4	11.0863	0.000245940	0	0	0	0	0	0
2	40	B	4	11.0863	0.000245940	0	0	0	0	0	0
2	41	A	1	12.0439	0.000186980	0	0	0	0	0	0
2	41	B	1	12.0439	0.000186980	0	0	0	0	0	0
2	41	A	2	11.6352	0.000183106	0	0	0	0	0	0
2	41	B	2	11.6352	0.000183106	0	0	0	0	0	0
2	41	A	3	11.2898	0.000193808	0	0	0	0	0	0
2	41	B	3	11.2898	0.000193808	0	0	0	0	0	0
2	41	A	4	11.1961	0.000220394	0	0	0	0	0	0
2	41	B	4	11.1961	0.000220394	0	0	0	0	0	0
2	42	A	1	12.1223	0.000223554	0	0	0	0	0	0
2	42	B	1	12.1223	0.000223554	0	0	0	0	0	0
2	42	A	2	11.7563	0.000237964	0	0	0	0	0	0
2	42	B	2	11.7563	0.000237964	0	0	0	0	0	0
2	42	A	3	11.7061	0.000240695	0	0	0	0	0	0
2	42	B	3	11.7061	0.000240695	0	0	0	0	0	0
2	42	A	4	11.6734	0.000275383	0	0	0	0	0	0
2	42	B	4	11.6734	0.000275383	0	0	0	0	0	0
2	43	A	1	11.4922	0.000217997	0	0	0	0	0	0
2	43	B	1	11.4922	0.000217997	0	0	0	0	0	0
2	43	A	2	11.0595	0.000230898	0	0	0	0	0	0
2	43	B	2	11.0595	0.000230898	0	0	0	0	0	0
2	43	A	3	10.9989	0.000229813	0	0	0	0	0	0
2	43	B	3	10.9989	0.000229813	0	0	0	0	0	0
2	43	A	4	10.9611	0.000265841	0	0	0	0	0	0
2	43	B	4	10.9611	0.000265841	0	0	0	0	0	0
2	44	A	1	11.7402	0.000224575	0	0	0	0	0	0
2	44	B	1	11.7402	0.000224575	0	0	0	0	0	0
2	44	A	2	11.3619	0.000235755	0	0	0	0	0	0
2	44	B	2	11.3619	0.000235755	0	0	0	0	0	0
2	44	A	3	11.3169	0.000241821	0	0	0	0	0	0
2	44	B	3	11.3169	0.000241821	0	0	0	0	0	0
2	44	A	4	11.2099	0.000267163	0	0	0	0	0	0
2	44	B	4	11.2099	0.000267163	0	0	0	0	0	0
2	45	A	1	11.6054	0.000189686	0	0	0	0	0	0
2	45	B	1	11.6054	0.000189686	0	0	0	0	0	0
2	45	A	2	11.1493	0.000188399	0	0	0	0	0	0
2	45	B	2	11.1493	0.000188399	0	0	0	0	0	0
2	45	A	3	11.0515	0.000209707	0	0	0	0	0	0
2	45	B	3	11.0515	0.000209707	0	0	0	0	0	0
2	45	A	4	10.9776	0.000253180	0	0	0	0	0	0
2	45	B	4	10.9776	0.000253180	0	0	0	0	0	0
2	46	A	1	11.5950	0.000234047	0	0	0	0	0	0
2	46	B	1	11.5950	0.000234047	0	0	0	0	0	0
2	46	A	2	11.1788	0.000235010	0	0	0	0	0	0
2	46	B	2	11.1788	0.000235010	0	0	0	0	0	0
2	46	A	3	11.2738	0.000232223	0	0	0	0	0	0
2	46	B	3	11.2738	0.000232223	0	0	0	0	0	0
2	46	A	4	11.1621	0.000272978	0	0	0	0	0	0
2	46	B	4	11.1621	0.000272978	0	0	0	0	0	0
2	47	A	1	11.5975	0.000209117	0	0	0	0	0	0
2	47	B	1	11.5975	0.000209117	0	0	0	0	0	0
2	47	A	2	11.1954	0.000209406	0	0	0	0	0	0
2	47	B	2	11.1954	0.000209406	0	0	0	0	0	0
2	47	A	3	11.1309	0.000213105	0	0	0	0	0	0
2	47	B	3	11.1309	0.000213105	0	0	0	0	0	0
2	47	A	4	11.0136	0.000258437	0	0	0	0	0	0
2	47	B	4	11.0136	0.000258437	0	0	0	0	0	0
2	48	A	1	11.9731	0.000225780	0	0	0	0	0	0
2	48	B	1	11.9731	0.000225780	0	0	0	0	0	0
2	48	A	2	11.5483	0.000223293	0	0	0	0	0	0
2	48	B	2	11.5483	0.000223293	0	0	0	0	0	0
2	48	A	3	11.5470	0.000215528	0	0	0	0	0	0
2	48	B	3	11.5470	0.000215528	0	0	0	0	0	0
2	48	A	4	11.2895	0.000263121	0	0	0	0	0	0
2	48	B	4	11.2895	0.000263121	0	0	0	0	0	0
3	1	A	1	11.8852	0.000222999	0	0	0	0	0	0
3	1	B	1	11.8852	0.000222999	0	0	0	0	0	0
3	1	A	2	11.4729	0.000201512	0	0	0	0	0	0
3	1	B	2	11.4729	0.000201512	0	0	0	0	0	0
3	1	A	3	11.3322	0.000202770	0	0	0	0	0	0
3	1	B	3	11.3322	0.000202770	0	0	0	0	0	0
3	1	A	4	11.0023	0.000234137	0	0	0	0	0	0
3	1	B	4	11.0023	0.000234137	0	0	0	0	0	0
3	2	A	1	12.0089	0.000231636	0	0	0	0	0	0
3	2	B	1	12.0089	0.000231636	0	0	0	0	0	0
3	2	A	2	11.5064	0.000218971	0	0	0	0	0	0
3	2	B	2	11.5064	0.000218971	0	0	0	0	0	0
3	2	A	3	11.9203	0.000188559	0	0	0	0	0	0
3	2	B	3	11.9203	0.000188559	0	0	0	0	0	0
3	2	A	4	11.3467	0.000229343	0	0	0	0	0	0
3	2	B	4	11.3467	0.000229343	0	0	0	0	0	0
3	3	A	1	12.1394	0.000235051	0	0	0	0	0	0
3	3	B	1	12.1394	0.000235051	0	0	0	0	0	0
3	3	A	2	11.6935	0.000210493	0	0	0	0	0	0
3	3	B	2	11.6935	0.000210493	0	0	0	0	0	0
3	3	A	3	11.4585	0.000208993	0	0	0	0	0	0
3	3	B	3	11.4585	0.000208993	0	0	0	0	0	0
3	3	A	4	11.2453	0.000232779	0	0	0	0	0	0
3	3	B	4	11.2453	0.000232779	0	0	0	0	0	0
3	4	A	1	12.3974	0.000210528	0	0	0	0	0	0
3	4	B	1	12.3974	0.000210528	0	0	0	0	0	0
3	4	A	2	11.8180	0.000207953	0	0	0	0	0	0
3	4	B	2	11.8180	0.000207953	0	0	0	0	0	0
3	4	A	3	11.7718	0.000204842	0	0	0	0	0	0
3	4	B	3	11.7718	0.000204842	0	0	0	0	0	0
3	4	A	4	11.3065	0.000234842	0	0	0	0	0	0
3	4	B	4	11.3065	0.000234842	0	0	0	0	0	0
3	5	A	1	12.0299	0.000244319	0	0	0	0	0	0
3	5	B	1	12.0299	0.000244319	0	0	0	0	0	0
3	5	A	2	11.5253	0.000236172	0	0	0	0	0	0
3	5	B	2	11.5253	0.000236172	0	0	0	0	0	0
3	5	A	3	11.2761	0.000245978	0	0	0	0	0	0
3	5	B	3	11.2761	0.000245978	0	0	0	0	0	0
3	5	A	4	11.1080	0.000267196	0	0	0	0	0	0
3	5	B	4	11.1080	0.000267196	0	0	0	0	0	0
3	6	A	1	11.7733	0.000279985	0	0	0	0	0	0
3	6	B	1	11.7733	0.000279985	0	0	0	0	0	0
3	6	A	2	11.3517	0.000269420	0	0	0	0	0	0
3	6	B	2	11.3517	0.000269420	0	0	0	0	0	0
3	6	A	3	11.3329	0.000264548	0	0	0	0	0	0
3	6	B	3	11.3329	0.000264548	0	0	0	0	0	0
3	6	A	4	11.1315	0.000285324	0	0	0	0	0	0
3	6	B	4	11.1315	0.000285324	0	0	0	0	0	0
3	7	A	1	11.6950	0.000282831	0	0	0	0	0	0
3	7	B	1	11.6950	0.000282831	0	0	0	0	0	0
3	7	A	2	11.2998	0.000258025	0	0	0	0	0	0
3	7	B	2	11.2998	0.000258025	0	0	0	0	0	0
3	7	A	3	11.1604	0.000258119	0	0	0	0	0	0
3	7	B	3	11.1604	0.000258119	0	0	0	0	0	0
3	7	A	4	10.9413	0.000279002	0	0	0	0	0	0
3	7	B	4	10.9413	0.000279002	0	0	0	0	0	0
3	8	A	1	19.0890	0.001246020	0	0	0	0	0	0
3	8	B	1	19.0890	0.001246020	0	0	0	0	0	0
3	8	A	2	11.3933	0.000239164	0	0	0	0	0	0
3	8	B	2	11.3933	0.000239164	0	0	0	0	0	0
3	8	A	3	11.2609	0.000250479	0	0	0	0	0	0
3	8	B	3	11.2609	0.000250479	0	0	0	0	0	0
3	8	A	4	11.0834	0.000268586	0	0	0	0	0	0
3	8	B	4	11.0834	0.000268586	0	0	0	0	0	0
3	9	A	1	11.9275	0.000224476	0	0	0	0	0	0
3	9	B	1	11.9275	0.000224476	0	0	0	0	0	0
3	9	A	2	11.4422	0.000201184	0	0	0	0	0	0
3	9	B	2	11.4422	0.000201184	0	0	0	0	0	0
3	9	A	3	11.2955	0.000210490	0	0	0	0	0	0
3	9	B	3	11.2955	0.000210490	0	0	0	0	0	0
3	9	A	4	10.9625	0.000240324	0	0	0	0	0	0
3	9	B	4	10.9625	0.000240324	0	0	0	0	0	0
3	10	A	1	12.0009	0.000241373	0	0	0	0	0	0
3	10	B	1	12.0009	0.000241373	0	0	0	0	0	0
3	10	A	2	11.6717	0.000224454	0	0	0	0	0	0
3	10	B	2	11.6717	0.000224454	0	0	0	0	0	0
3	10	A	3	11.6361	0.000216358	0	0	0	0	0	0
3	10	B	3	11.6361	0.000216358	0	0	0	0	0	0
3	10	A	4	11.2814	0.000237001	0	0	0	0	0	0
3	10	B	4	11.2814	0.000237001	0	0	0	0	0	0
3	11	A	1	11.6795	0.000234630	0	0	0	0	0	0
3	11	B	1	11.6795	0.000234630	0	0	0	0	0	0
3	11	A	2	11.3776	0.000211934	0	0	0	0	0	0
3	11	B	2	11.3776	0.000211934	0	0	0	0	0	0
3	11	A	3	11.3102	0.000218233	0	0	0	0	0	0
3	11	B	3	11.3102	0.000218233	0	0	0	0	0	0
3	11	A	4	10.9919	0.000238942	0	0	0	0	0	0
3	11	B	4	10.9919	0.000238942	0	0	0	0	0	0
3	12	A	1	11.7610	0.000238358	0	0	0	0	0	0
3	12	B	1	11.7610	0.000238358	0	0	0	0	0	0
3	12	A	2	11.3033	0.000224536	0	0	0	0	0	0
3	12	B	2	11.3033	0.000224536	0	0	0	0	0	0
3	12	A	3	11.2634	0.000227560	0	0	0	0	0	0
3	12	B	3	11.2634	0.000227560	0	0	0	0	0	0
3	12	A	4	10.9498	0.000251352	0	0	0	0	0	0
3	12	B	4	10.9498	0.000251352	0	0	0	0	0	0
3	13	A	1	11.9583	0.000224405	0	0	0	0	0	0
3	13	B	1	11.9583	0.000224405	0	0	0	0	0	0
3	13	A	2	11.6005	0.000208552	0	0	0	0	0	0
3	13	B	2	11.6005	0.000208552	0	0	0	0	0	0
3	13	A	3	11.4231	0.000205457	0	0	0	0	0	0
3	13	B	3	11.4231	0.000205457	0	0	0	0	0	0
3	13	A	4	11.0293	0.000236217	0	0	0	0	0	0
3	13	B	4	11.0293	0.000236217	0	0	0	0	0	0
3	14	A	1	11.8406	0.000290654	0	0	0	0	0	0
3	14	B	1	11.8406	0.000290654	0	0	0	0	0	0
3	14	A	2	11.2232	0.000280153	0	0	0	0	0	0
3	14	B	2	11.2232	0.000280153	0	0	0	0	0	0
3	14	A	3	11.9661	0.000213678	0	0	0	0	0	0
3	14	B	3	11.9661	0.000213678	0	0	0	0	0	0
3	14	A	4	11.3268	0.000266032	0	0	0	0	0	0
3	14	B	4	11.3268	0.000266032	0	0	0	0	0	0
3	15	A	1	12.0750	0.000287584	0	0	0	0	0	0
3	15	B	1	12.0750	0.000287584	0	0	0	0	0	0
3	15	A	2	11.6059	0.000230522	0	0	0	0	0	0
3	15	B	2	11.6059	0.000230522	0	0	0	0	0	0
3	15	A	3	11.5194	0.000245089	0	0	0	0	0	0
3	15	B	3	11.5194	0.000245089	0	0	0	0	0	0
3	15	A	4	11.0978	0.000275930	0	0	0	0	0	0
3	15	B	4	11.0978	0.000275930	0	0	0	0	0	0
3	16	A	1	12.1828	0.000231070	0	0	0	0	0	0
3	16	B	1	12.1828	0.000231070	0	0	0	0	0	0
3	16	A	2	11.4956	0.000229662	0	0	0	0	0	0
3	16	B	2	11.4956	0.000229662	0	0	0	0	0	0
3	16	A	3	11.5611	0.000216084	0	0	0	0	0	0
3	16	B	3	11.5611	0.000216084	0	0	0	0	0	0
3	16	A	4	11.0522	0.000270360	0	0	0	0	0	0
3	16	B	4	11.0522	0.000270360	0	0	0	0	0	0
3	17	A	1	12.0479	0.000236216	0	0	0	0	0	0
3	17	B	1	12.0479	0.000236216	0	0	0	0	0	0
3	17	A	2	11.6439	0.000247845	0	0	0	0	0	0
3	17	B	2	11.6439	0.000247845	0	0	0	0	0	0
3	17	A	3	11.3816	0.000234629	0	0	0	0	0	0
3	17	B	3	11.3816	0.000234629	0	0	0	0	0	0
3	17	A	4	11.1135	0.000291955	0	0	0	0	0	0
3	17	B	4	11.1135	0.000291955	0	0	0	0	0	0
3	18	A	1	12.3551	0.000362101	0	0	0	0	0	0
3	18	B	1	12.3551	0.000362101	0	0	0	0	0	0
3	18	A	2	11.7399	0.000299486	0	0	0	0	0	0
3	18	B	2	11.7399	0.000299486	0	0	0	0	0	0
3	18	A	3	11.6307	0.000334234	0	0	0	0	0	0
3	18	B	3	11.6307	0.000334234	0	0	0	0	0	0
3	18	A	4	11.3499	0.000303233	0	0	0	0	0	0
3	18	B	4	11.3499	0.000303233	0	0	0	0	0	0
3	19	A	1	11.4618	0.000307739	0	0	0	0	0	0
3	19	B	1	11.4618	0.000307739	0	0	0	0	0	0
3	19	A	2	11.0511	0.000304262	0	0	0	0	0	0
3	19	B	2	11.0511	0.000304262	0	0	0	0	0	0
3	19	A	3	10.9123	0.000310712	0	0	0	0	0	0
3	19	B	3	10.9123	0.000310712	0	0	0	0	0	0
3	19	A	4	10.6740	0.000314675	0	0	0	0	0	0
3	19	B	4	10.6740	0.000314675	0	0	0	0	0	0
3	20	A	1	11.9719	0.000252533	0	0	0	0	0	0
3	20	B	1	11.9719	0.000252533	0	0	0	0	0	0
3	20	A	2	11.6414	0.000244087	0	0	0	0	0	0
3	20	B	2	11.6414	0.000244087	0	0	0	0	0	0
3	20	A	3	11.5157	0.000247208	0	0	0	0	0	0
3	20	B	3	11.5157	0.000247208	0	0	0	0	0	0
3	20	A	4	11.1290	0.000245833	0	0	0	0	0	0
3	20	B	4	11.1290	0.000245833	0	0	0	0	0	0
3	21	A	1	12.0277	0.000260072	0	0	0	0	0	0
3	21	B	1	12.0277	0.000260072	0	0	0	0	0	0
3	21	A	2	11.5929	0.000241043	0	0	0	0	0	0
3	21	B	2	11.5929	0.000241043	0	0	0	0	0	0
3	21	A	3	11.4301	0.000252586	0	0	0	0	0	0
3	21	B	3	11.4301	0.000252586	0	0	0	0	0	0
3	21	A	4	11.1736	0.000272283	0	0	0	0	0	0
3	21	B	4	11.1736	0.000272283	0	0	0	0	0	0
3	22	A	1	12.2811	0.000259710	0	0	0	0	0	0
3	22	B	1	12.2811	0.000259710	0	0	0	0	0	0
3	22	A	2	11.7490	0.000235134	0	0	0	0	0	0
3	22	B	2	11.7490	0.000235134	0	0	0	0	0	0
3	22	A	3	11.5945	0.000219960	0	0	0	0	0	0
3	22	B	3	11.5945	0.000219960	0	0	0	0	0	0
3	22	A	4	11.1556	0.000248506	0	0	0	0	0	0
3	22	B	4	11.1556	0.000248506	0	0	0	0	0	0
3	23	A	1	11.9186	0.000230990	0	0	0	0	0	0
3	23	B	1	11.9186	0.000230990	0	0	0	0	0	0
3	23	A	2	11.4555	0.000214188	0	0	0	0	0	0
3	23	B	2	11.4555	0.000214188	0	0	0	0	0	0
3	23	A	3	11.2724	0.000211841	0	0	0	0	0	0
3	23	B	3	11.2724	0.000211841	0	0	0	0	0	0
3	23	A	4	10.9014	0.000241002	0	0	0	0	0	0
3	23	B	4	10.9014	0.000241002	0	0	0	0	0	0
3	24	A	1	12.0414	0.000235413	0	0	0	0	0	0
3	24	B	1	12.0414	0.000235413	0	0	0	0	0	0
3	24	A	2	11.5934	0.000220913	0	0	0	0	0	0
3	24	B	2	11.5934	0.000220913	0	0	0	0	0	0
3	24	A	3	11.5582	0.000218806	0	0	0	0	0	0
3	24	B	3	11.5582	0.000218806	0	0	0	0	0	0
3	24	A	4	11.2052	0.000247212	0	0	0	0	0	0
3	24	B	4	11.2052	0.000247212	0	0	0	0	0	0
3	25	A	1	11.9859	0.000219016	0	0	0	0	0	0
3	25	B	1	11.9859	0.000219016	0	0	0	0	0	0
3	25	A	2	11.4820	0.000195499	0	0	0	0	0	0
3	25	B	2	11.4820	0.000195499	0	0	0	0	0	0
3	25	A	3	11.3093	0.000198763	0	0	0	0	0	0
3	25	B	3	11.3093	0.000198763	0	0	0	0	0	0
3	25	A	4	10.9331	0.000223655	0	0	0	0	0	0
3	25	B	4	10.9331	0.000223655	0	0	0	0	0	0
3	26	A	1	11.7500	0.000244851	0	0	0	0	0	0
3	26	B	1	11.7500	0.000244851	0	0	0	0	0	0
3	26	A	2	11.1212	0.000230923	0	0	0	0	0	0
3	26	B	2	11.1212	0.000230923	0	0	0	0	0	0
3	26	A	3	11.6976	0.000188356	0	0	0	0	0	0
3	26	B	3	11.6976	0.000188356	0	0	0	0	0	0
3	26	A	4	11.1322	0.000233267	0	0	0	0	0	0
3	26	B	4	11.1322	0.000233267	0	0	0	0	0	0
3	27	A	1	11.7713	0.000238980	0	0	0	0	0	0
3	27	B	1	11.7713	0.000238980	0	0	0	0	0	0
3	27	A	2	11.2998	0.000238849	0	0	0	0	0	0
3	27	B	2	11.2998	0.000238849	0	0	0	0	0	0
3	27	A	3	11.1884	0.000231539	0	0	0	0	0	0
3	27	B	3	11.1884	0.000231539	0	0	0	0	0	0
3	27	A	4	10.9287	0.000242097	0	0	0	0	0	0
3	27	B	4	10.9287	0.000242097	0	0	0	0	0	0
3	28	A	1	12.1546	0.000217892	0	0	0	0	0	0
3	28	B	1	12.1546	0.000217892	0	0	0	0	0	0
3	28	A	2	11.4933	0.000215966	0	0	0	0	0	0
3	28	B	2	11.4933	0.000215966	0	0	0	0	0	0
3	28	A	3	11.5104	0.000216028	0	0	0	0	0	0
3	28	B	3	11.5104	0.000216028	0	0	0	0	0	0
3	28	A	4	11.0856	0.000256919	0	0	0	0	0	0
3	28	B	4	11.0856	0.000256919	0	0	0	0	0	0
3	29	A	1	12.0333	0.000201840	0	0	0	0	0	0
3	29	B	1	12.0333	0.000201840	0	0	0	0	0	0
3	29	A	2	11.5712	0.000180214	0	0	0	0	0	0
3	29	B	2	11.5712	0.000180214	0	0	0	0	0	0
3	29	A	3	11.3040	0.000186660	0	0	0	0	0	0
3	29	B	3	11.3040	0.000186660	0	0	0	0	0	0
3	29	A	4	11.0263	0.000218005	0	0	0	0	0	0
3	29	B	4	11.0263	0.000218005	0	0	0	0	0	0
3	30	A	1	12.1781	0.000276516	0	0	0	0	0	0
3	30	B	1	12.1781	0.000276516	0	0	0	0	0	0
3	30	A	2	11.8364	0.000248109	0	0	0	0	0	0
3	30	B	2	11.8364	0.000248109	0	0	0	0	0	0
3	30	A	3	11.7186	0.000251838	0	0	0	0	0	0
3	30	B	3	11.7186	0.000251838	0	0	0	0	0	0
3	30	A	4	11.3803	0.000273408	0	0	0	0	0	0
3	30	B	4	11.3803	0.000273408	0	0	0	0	0	0
3	31	A	1	11.5967	0.000245916	0	0	0	0	0	0
3	31	B	1	11.5967	0.000245916	0	0	0	0	0	0
3	31	A	2	11.1570	0.000235613	0	0	0	0	0	0
3	31	B	2	11.1570	0.000235613	0	0	0	0	0	0
3	31	A	3	11.0782	0.000234402	0	0	0	0	0	0
3	31	B	3	11.0782	0.000234402	0	0	0	0	0	0
3	31	A	4	10.9051	0.000252834	0	0	0	0	0	0
3	31	B	4	10.9051	0.000252834	0	0	0	0	0	0
3	32	A	1	11.8723	0.000232225	0	0	0	0	0	0
3	32	B	1	11.8723	0.000232225	0	0	0	0	0	0
3	32	A	2	11.4761	0.000225669	0	0	0	0	0	0
3	32	B	2	11.4761	0.000225669	0	0	0	0	0	0
3	32	A	3	11.4393	0.000234939	0	0	0	0	0	0
3	32	B	3	11.4393	0.000234939	0	0	0	0	0	0
3	32	A	4	11.2561	0.000256236	0	0	0	0	0	0
3	32	B	4	11.2561	0.000256236	0	0	0	0	0	0
3	33	A	1	11.7557	0.000212779	0	0	0	0	0	0
3	33	B	1	11.7557	0.000212779	0	0	0	0	0	0
3	33	A	2	11.1373	0.000204571	0	0	0	0	0	0
3	33	B	2	11.1373	0.000204571	0	0	0	0	0	0
3	33	A	3	11.0320	0.000218280	0	0	0	0	0	0
3	33	B	3	11.0320	0.000218280	0	0	0	0	0	0
3	33	A	4	10.8515	0.000241511	0	0	0	0	0	0
3	33	B	4	10.8515	0.000241511	0	0	0	0	0	0
3	34	A	1	12.1203	0.000234793	0	0	0	0	0	0
3	34	B	1	12.1203	0.000234793	0	0	0	0	0	0
3	34	A	2	11.5565	0.000229557	0	0	0	0	0	0
3	34	B	2	11.5565	0.000229557	0	0	0	0	0	0
3	34	A	3	11.4406	0.000215880	0	0	0	0	0	0
3	34	B	3	11.4406	0.000215880	0	0	0	0	0	0
3	34	A	4	11.2043	0.000230368	0	0	0	0	0	0
3	34	B	4	11.2043	0.000230368	0	0	0	0	0	0
3	35	A	1	11.9980	0.000210798	0	0	0	0	0	0
3	35	B	1	11.9980	0.000210798	0	0	0	0	0	0
3	35	A	2	11.4773	0.000211448	0	0	0	0	0	0
3	35	B	2	11.4773	0.000211448	0	0	0	0	0	0
3	35	A	3	11.4101	0.000213226	0	0	0	0	0	0
3	35	B	3	11.4101	0.000213226	0	0	0	0	0	0
3	35	A	4	11.1591	0.000239560	0	0	0	0	0	0
3	35	B	4	11.1591	0.000239560	0	0	0	0	0	0
3	36	A	1	11.8188	0.000216122	0	0	0	0	0	0
3	36	B	1	11.8188	0.000216122	0	0	0	0	0	0
3	36	A	2	11.3700	0.000209605	0	0	0	0	0	0
3	36	B	2	11.3700	0.000209605	0	0	0	0	0	0
3	36	A	3	11.3645	0.000207310	0	0	0	0	0	0
3	36	B	3	11.3645	0.000207310	0	0	0	0	0	0
3	36	A	4	11.0596	0.000235891	0	0	0	0	0	0
3	36	B	4	11.0596	0.000235891	0	0	0	0	0	0
3	37	A	1	11.7598	0.000241861	0	0	0	0	0	0
3	37	B	1	11.7598	0.000241861	0	0	0	0	0	0
3	37	A	2	11.3274	0.000236031	0	0	0	0	0	0
3	37	B	2	11.3274	0.000236031	0	0	0	0	0	0
3	37	A	3	11.0998	0.000222567	0	0	0	0	0	0
3	37	B	3	11.0998	0.000222567	0	0	0	0	0	0
3	37	A	4	10.8716	0.000235869	0	0	0	0	0	0
3	37	B	4	10.8716	0.000235869	0	0	0	0	0	0
3	38	A	1	11.6664	0.000224362	0	0	0	0	0	0
3	38	B	1	11.6664	0.000224362	0	0	0	0	0	0
3	38	A	2	11.1540	0.000273485	0	0	0	0	0	0
3	38	B	2	11.1540	0.000273485	0	0	0	0	0	0
3	38	A	3	11.7029	0.000201303	0	0	0	0	0	0
3	38	B	3	11.7029	0.000201303	0	0	0	0	0	0
3	38	A	4	11.2144	0.000241883	0	0	0	0	0	0
3	38	B	4	11.2144	0.000241883	0	0	0	0	0	0
3	39	A	1	11.6936	0.000231245	0	0	0	0	0	0
3	39	B	1	11.6936	0.000231245	0	0	0	0	0	0
3	39	A	2	11.1172	0.000213172	0	0	0	0	0	0
3	39	B	2	11.1172	0.000213172	0	0	0	0	0	0
3	39	A	3	10.9703	0.000200675	0	0	0	0	0	0
3	39	B	3	10.9703	0.000200675	0	0	0	0	0	0
3	39	A	4	10.6982	0.000231898	0	0	0	0	0	0
3	39	B	4	10.6982	0.000231898	0	0	0	0	0	0
3	40	A	1	12.1318	0.000222756	0	0	0	0	0	0
3	40	B	1	12.1318	0.000222756	0	0	0	0	0	0
3	40	A	2	11.4628	0.000221451	0	0	0	0	0	0
3	40	B	2	11.4628	0.000221451	0	0	0	0	0	0
3	40	A	3	11.5136	0.000209118	0	0	0	0	0	0
3	40	B	3	11.5136	0.000209118	0	0	0	0	0	0
3	40	A	4	11.0676	0.000257111	0	0	0	0	0	0
3	40	B	4	11.0676	0.000257111	0	0	0	0	0	0
3	41	A	1	11.6740	0.000213807	0	0	0	0	0	0
3	41	B	1	11.6740	0.000213807	0	0	0	0	0	0
3	41	A	2	11.3152	0.000215806	0	0	0	0	0	0
3	41	B	2	11.3152	0.000215806	0	0	0	0	0	0
3	41	A	3	11.0532	0.000215598	0	0	0	0	0	0
3	41	B	3	11.0532	0.000215598	0	0	0	0	0	0
3	41	A	4	10.8798	0.000233422	0	0	0	0	0	0
3	41	B	4	10.8798	0.000233422	0	0	0	0	0	0
3	42	A	1	11.9315	0.000293487	0	0	0	0	0	0
3	42	B	1	11.9315	0.000293487	0	0	0	0	0	0
3	42	A	2	11.4874	0.000290138	0	0	0	0	0	0
3	42	B	2	11.4874	0.000290138	0	0	0	0	0	0
3	42	A	3	11.3628	0.000262228	0	0	0	0	0	0
3	42	B	3	11.3628	0.000262228	0	0	0	0	0	0
3	42	A	4	11.1817	0.000286525	0	0	0	0	0	0
3	42	B	4	11.1817	0.000286525	0	0	0	0	0	0
3	43	A	1	12.0927	0.000241974	0	0	0	0	0	0
3	43	B	1	12.0927	0.000241974	0	0	0	0	0	0
3	43	A	2	11.5701	0.000217550	0	0	0	0	0	0
3	43	B	2	11.5701	0.000217550	0	0	0	0	0	0
3	43	A	3	11.4002	0.000219470	0	0	0	0	0	0
3	43	B	3	11.4002	0.000219470	0	0	0	0	0	0
3	43	A	4	11.1617	0.000245015	0	0	0	0	0	0
3	43	B	4	11.1617	0.000245015	0	0	0	0	0	0
3	44	A	1	11.8764	0.000220318	0	0	0	0	0	0
3	44	B	1	11.8764	0.000220318	0	0	0	0	0	0
3	44	A	2	11.5095	0.000233848	0	0	0	0	0	0
3	44	B	2	11.5095	0.000233848	0	0	0	0	0	0
3	44	A	3	11.3678	0.000238792	0	0	0	0	0	0
3	44	B	3	11.3678	0.000238792	0	0	0	0	0	0
3	44	A	4	11.1119	0.000271033	0	0	0	0	0	0
3	44	B	4	11.1119	0.000271033	0	0	0	0	0	0
3	45	A	1	11.5273	0.000245009	0	0	0	0	0	0
3	45	B	1	11.5273	0.000245009	0	0	0	0	0	0
3	45	A	2	10.9395	0.000250340	0	0	0	0	0	0
3	45	B	2	10.9395	0.000250340	0	0	0	0	0	0
3	45	A	3	10.7992	0.000257349	0	0	0	0	0	0
3	45	B	3	10.7992	0.000257349	0	0	0	0	0	0
3	45	A	4	10.6846	0.000290012	0	0	0	0	0	0
3	45	B	4	10.6846	0.000290012	0	0	0	0	0	0
3	46	A	1	12.1622	0.000235301	0	0	0	0	0	0
3	46	B	1	12.1622	0.000235301	0	0	0	0	0	0
3	46	A	2	11.6724	0.000216818	0	0	0	0	0	0
3	46	B	2	11.6724	0.000216818	0	0	0	0	0	0
3	46	A	3	11.4971	0.000217586	0	0	0	0	0	0
3	46	B	3	11.4971	0.000217586	0	0	0	0	0	0
3	46	A	4	11.1506	0.000234962	0	0	0	0	0	0
3	46	B	4	11.1506	0.000234962	0	0	0	0	0	0
3	47	A	1	12.0250	0.000216439	0	0	0	0	0	0
3	47	B	1	12.0250	0.000216439	0	0	0	0	0	0
3	47	A	2	11.4919	0.000201526	0	0	0	0	0	0
3	47	B	2	11.4919	0.000201526	0	0	0	0	0	0
3	47	A	3	11.3020	0.000208700	0	0	0	0	0	0
3	47	B	3	11.3020	0.000208700	0	0	0	0	0	0
3	47	A	4	10.9792	0.000225969	0	0	0	0	0	0
3	47	B	4	10.9792	0.000225969	0	0	0	0	0	0
3	48	A	1	12.0585	0.000240319	0	0	0	0	0	0
3	48	B	1	12.0585	0.000240319	0	0	0	0	0	0
3	48	A	2	11.5386	0.000214667	0	0	0	0	0	0
3	48	B	2	11.5386	0.000214667	0	0	0	0	0	0
3	48	A	3	11.4758	0.000240632	0	0	0	0	0	0
3	48	B	3	11.4758	0.000240632	0	0	0	0	0	0
3	48	A	4	11.1041	0.000330423	0	0	0	0	0	0
3	48	B	4	11.1041	0.000330423	0	0	0	0	0	0
3	49	A	1	12.0543	0.000200316	0	0	0	0	0	0
3	49	B	1	12.0543	0.000200316	0	0	0	0	0	0
3	49	A	2	11.6466	0.000188064	0	0	0	0	0	0
3	49	B	2	11.6466	0.000188064	0	0	0	0	0	0
3	49	A	3	11.4830	0.000187746	0	0	0	0	0	0
3	49	B	3	11.4830	0.000187746	0	0	0	0	0	0
3	49	A	4	11.1456	0.000214743	0	0	0	0	0	0
3	49	B	4	11.1456	0.000214743	0	0	0	0	0	0
3	50	A	1	11.9830	0.000211330	0	0	0	0	0	0
3	50	B	1	11.9830	0.000211330	0	0	0	0	0	0
3	50	A	2	11.5192	0.000212000	0	0	0	0	0	0
3	50	B	2	11.5192	0.000212000	0	0	0	0	0	0
3	50	A	3	12.0741	0.000173802	0	0	0	0	0	0
3	50	B	3	12.0741	0.000173802	0	0	0	0	0	0
3	50	A	4	11.6115	0.000211583	0	0	0	0	0	0
3	50	B	4	11.6115	0.000211583	0	0	0	0	0	0
3	51	A	1	11.9886	0.000198280	0	0	0	0	0	0
3	51	B	1	11.9886	0.000198280	0	0	0	0	0	0
3	51	A	2	11.4697	0.000185099	0	0	0	0	0	0
3	51	B	2	11.4697	0.000185099	0	0	0	0	0	0
3	51	A	3	11.2949	0.000183607	0	0	0	0	0	0
3	51	B	3	11.2949	0.000183607	0	0	0	0	0	0
3	51	A	4	10.9421	0.000213913	0	0	0	0	0	0
3	51	B	4	10.9421	0.000213913	0	0	0	0	0	0
3	52	A	1	11.9687	0.000204360	0	0	0	0	0	0
3	52	B	1	11.9687	0.000204360	0	0	0	0	0	0
3	52	A	2	11.3064	0.000215222	0	0	0	0	0	0
3	52	B	2	11.3064	0.000215222	0	0	0	0	0	0
3	52	A	3	11.4866	0.000196349	0	0	0	0	0	0
3	52	B	3	11.4866	0.000196349	0	0	0	0	0	0
3	52	A	4	11.0360	0.000231969	0	0	0	0	0	0
3	52	B	4	11.0360	0.000231969	0	0	0	0	0	0
3	53	A	1	11.7354	0.000208469	0	0	0	0	0	0
3	53	B	1	11.7354	0.000208469	0	0	0	0	0	0
3	53	A	2	11.3207	0.000197634	0	0	0	0	0	0
3	53	B	2	11.3207	0.000197634	0	0	0	0	0	0
3	53	A	3	11.0484	0.000197228	0	0	0	0	0	0
3	53	B	3	11.0484	0.000197228	0	0	0	0	0	0
3	53	A	4	10.8566	0.000220259	0	0	0	0	0	0
3	53	B	4	10.8566	0.000220259	0	0	0	0	0	0
3	54	A	1	11.9104	0.000258696	0	0	0	0	0	0
3	54	B	1	11.9104	0.000258696	0	0	0	0	0	0
3	54	A	2	11.5188	0.000252559	0	0	0	0	0	0
3	54	B	2	11.5188	0.000252559	0	0	0	0	0	0
3	54	A	3	11.4457	0.000257466	0	0	0	0	0	0
3	54	B	3	11.4457	0.000257466	0	0	0	0	0	0
3	54	A	4	11.2601	0.000274490	0	0	0	0	0	0
3	54	B	4	11.2601	0.000274490	0	0	0	0	0	0
3	55	A	1	11.8641	0.000247473	0	0	0	0	0	0
3	55	B	1	11.8641	0.000247473	0	0	0	0	0	0
3	55	A	2	11.4361	0.000234434	0	0	0	0	0	0
3	55	B	2	11.4361	0.000234434	0	0	0	0	0	0
3	55	A	3	11.3130	0.000233135	0	0	0	0	0	0
3	55	B	3	11.3130	0.000233135	0	0	0	0	0	0
3	55	A	4	11.1021	0.000249793	0	0	0	0	0	0
3	55	B	4	11.1021	0.000249793	0	0	0	0	0	0
3	56	A	1	11.7436	0.000233496	0	0	0	0	0	0
3	56	B	1	11.7436	0.000233496	0	0	0	0	0	0
3	56	A	2	11.2727	0.000227695	0	0	0	0	0	0
3	56	B	2	11.2727	0.000227695	0	0	0	0	0	0
3	56	A	3	11.2264	0.000232641	0	0	0	0	0	0
3	56	B	3	11.2264	0.000232641	0	0	0	0	0	0
3	56	A	4	10.9645	0.000251113	0	0	0	0	0	0
3	56	B	4	10.9645	0.000251113	0	0	0	0	0	0
3	57	A	1	11.7260	0.000219333	0	0	0	0	0	0
3	57	B	1	11.7260	0.000219333	0	0	0	0	0	0
3	57	A	2	11.3737	0.000204920	0	0	0	0	0	0
3	57	B	2	11.3737	0.000204920	0	0	0	0	0	0
3	57	A	3	11.2427	0.000203237	0	0	0	0	0	0
3	57	B	3	11.2427	0.000203237	0	0	0	0	0	0
3	57	A	4	10.9693	0.000220136	0	0	0	0	0	0
3	57	B	4	10.9693	0.000220136	0	0	0	0	0	0
3	58	A	1	11.9414	0.000237216	0	0	0	0	0	0
3	58	B	1	11.9414	0.000237216	0	0	0	0	0	0
3	58	A	2	11.4561	0.000226689	0	0	0	0	0	0
3	58	B	2	11.4561	0.000226689	0	0	0	0	0	0
3	58	A	3	11.4132	0.000207251	0	0	0	0	0	0
3	58	B	3	11.4132	0.000207251	0	0	0	0	0	0
3	58	A	4	11.0753	0.000231041	0	0	0	0	0	0
3	58	B	4	11.0753	0.000231041	0	0	0	0	0	0
3	59	A	1	12.0973	0.000205463	0	0	0	0	0	0
3	59	B	1	12.0973	0.000205463	0	0	0	0	0	0
3	59	A	2	11.8431	0.000193762	0	0	0	0	0	0
3	59	B	2	11.8431	0.000193762	0	0	0	0	0	0
3	59	A	3	11.6727	0.000195130	0	0	0	0	0	0
3	59	B	3	11.6727	0.000195130	0	0	0	0	0	0
3	59	A	4	11.2977	0.000225152	0	0	0	0	0	0
3	59	B	4	11.2977	0.000225152	0	0	0	0	0	0
3	60	A	1	12.0164	0.000225737	0	0	0	0	0	0
3	60	B	1	12.0164	0.000225737	0	0	0	0	0	0
3	60	A	2	11.5453	0.000223259	0	0	0	0	0	0
3	60	B	2	11.5453	0.000223259	0	0	0	0	0	0
3	60	A	3	11.5720	0.000218347	0	0	0	0	0	0
3	60	B	3	11.5720	0.000218347	0	0	0	0	0	0
3	60	A	4	11.2949	0.000242457	0	0	0	0	0	0
3	60	B	4	11.2949	0.000242457	0	0	0	0	0	0
3	61	A	1	11.7059	0.000197003	0	0	0	0	0	0
3	61	B	1	11.7059	0.000197003	0	0	0	0	0	0
3	61	A	2	11.2629	0.000185435	0	0	0	0	0	0
3	61	B	2	11.2629	0.000185435	0	0	0	0	0	0
3	61	A	3	11.0801	0.000181150	0	0	0	0	0	0
3	61	B	3	11.0801	0.000181150	0	0	0	0	0	0
3	61	A	4	10.7517	0.000210711	0	0	0	0	0	0
3	61	B	4	10.7517	0.000210711	0	0	0	0	0	0
3	62	A	1	11.8380	0.000202005	0	0	0	0	0	0
3	62	B	1	11.8380	0.000202005	0	0	0	0	0	0
3	62	A	2	11.2591	0.000207262	0	0	0	0	0	0
3	62	B	2	11.2591	0.000207262	0	0	0	0	0	0
3	62	A	3	11.7938	0.000186094	0	0	0	0	0	0
3	62	B	3	11.7938	0.000186094	0	0	0	0	0	0
3	62	A	4	11.3174	0.000225564	0	0	0	0	0	0
3	62	B	4	11.3174	0.000225564	0	0	0	0	0	0
3	63	A	1	11.9578	0.000199279	0	0	0	0	0	0
3	63	B	1	11.9578	0.000199279	0	0	0	0	0	0
3	63	A	2	11.4590	0.000190544	0	0	0	0	0	0
3	63	B	2	11.4590	0.000190544	0	0	0	0	0	0
3	63	A	3	11.3322	0.000193118	0	0	0	0	0	0
3	63	B	3	11.3322	0.000193118	0	0	0	0	0	0
3	63	A	4	11.0572	0.000215796	0	0	0	0	0	0
3	63	B	4	11.0572	0.000215796	0	0	0	0	0	0
3	64	A	1	12.1449	0.000191365	0	0	0	0	0	0
3	64	B	1	12.1449	0.000191365	0	0	0	0	0	0
3	64	A	2	11.4105	0.000198314	0	0	0	0	0	0
3	64	B	2	11.4105	0.000198314	0	0	0	0	0	0
3	64	A	3	11.5311	0.000188940	0	0	0	0	0	0
3	64	B	3	11.5311	0.000188940	0	0	0	0	0	0
3	64	A	4	11.0555	0.000236338	0	0	0	0	0	0
3	64	B	4	11.0555	0.000236338	0	0	0	0	0	0
3	65	A	1	11.6492	0.000198666	0	0	0	0	0	0
3	65	B	1	11.6492	0.000198666	0	0	0	0	0	0
3	65	A	2	11.3031	0.000195531	0	0	0	0	0	0
3	65	B	2	11.3031	0.000195531	0	0	0	0	0	0
3	65	A	3	11.0865	0.000203991	0	0	0	0	0	0
3	65	B	3	11.0865	0.000203991	0	0	0	0	0	0
3	65	A	4	10.9357	0.000223873	0	0	0	0	0	0
3	65	B	4	10.9357	0.000223873	0	0	0	0	0	0
3	66	A	1	12.2267	0.000240086	0	0	0	0	0	0
3	66	B	1	12.2267	0.000240086	0	0	0	0	0	0
3	66	A	2	11.8475	0.000223897	0	0	0	0	0	0
3	66	B	2	11.8475	0.000223897	0	0	0	0	0	0
3	66	A	3	11.6972	0.000223906	0	0	0	0	0	0
3	66	B	3	11.6972	0.000223906	0	0	0	0	0	0
3	66	A	4	11.4299	0.000249208	0	0	0	0	0	0
3	66	B	4	11.4299	0.000249208	0	0	0	0	0	0
3	67	A	1	11.9630	0.000224974	0	0	0	0	0	0
3	67	B	1	11.9630	0.000224974	0	0	0	0	0	0
3	67	A	2	11.4872	0.000211725	0	0	0	0	0	0
3	67	B	2	11.4872	0.000211725	0	0	0	0	0	0
3	67	A	3	11.3622	0.000213050	0	0	0	0	0	0
3	67	B	3	11.3622	0.000213050	0	0	0	0	0	0
3	67	A	4	11.0651	0.000234986	0	0	0	0	0	0
3	67	B	4	11.0651	0.000234986	0	0	0	0	0	0
3	68	A	1	11.9954	0.000224037	0	0	0	0	0	0
3	68	B	1	11.9954	0.000224037	0	0	0	0	0	0
3	68	A	2	11.6935	0.000186369	0	0	0	0	0	0
3	68	B	2	11.6935	0.000186369	0	0	0	0	0	0
3	68	A	3	11.5239	0.000187440	0	0	0	0	0	0
3	68	B	3	11.5239	0.000187440	0	0	0	0	0	0
3	68	A	4	11.2430	0.000211674	0	0	0	0	0	0
3	68	B	4	11.2430	0.000211674	0	0	0	0	0	0
3	69	A	1	11.7056	0.000219081	0	0	0	0	0	0
3	69	B	1	11.7056	0.000219081	0	0	0	0	0	0
3	69	A	2	11.2248	0.000208126	0	0	0	0	0	0
3	69	B	2	11.2248	0.000208126	0	0	0	0	0	0
3	69	A	3	11.1212	0.000214047	0	0	0	0	0	0
3	69	B	3	11.1212	0.000214047	0	0	0	0	0	0
3	69	A	4	10.8269	0.000229134	0	0	0	0	0	0
3	69	B	4	10.8269	0.000229134	0	0	0	0	0	0
3	70	A	1	12.1714	0.000210579	0	0	0	0	0	0
3	70	B	1	12.1714	0.000210579	0	0	0	0	0	0
3	70	A	2	11.7824	0.000200434	0	0	0	0	0	0
3	70	B	2	11.7824	0.000200434	0	0	0	0	0	0
3	70	A	3	11.7178	0.000189061	0	0	0	0	0	0
3	70	B	3	11.7178	0.000189061	0	0	0	0	0	0
3	70	A	4	11.1733	0.000228094	0	0	0	0	0	0
3	70	B	4	11.1733	0.000228094	0	0	0	0	0	0
3	71	A	1	11.9007	0.000264245	0	0	0	0	0	0
3	71	B	1	11.9007	0.000264245	0	0	0	0	0	0
3	71	A	2	11.3866	0.000202065	0	0	0	0	0	0
3	71	B	2	11.3866	0.000202065	0	0	0	0	0	0
3	71	A	3	11.2779	0.000191326	0	0	0	0	0	0
3	71	B	3	11.2779	0.000191326	0	0	0	0	0	0
3	71	A	4	10.9757	0.000222345	0	0	0	0	0	0
3	71	B	4	10.9757	0.000222345	0	0	0	0	0	0
3	72	A	1	12.3192	0.000243681	0	0	0	0	0	0
3	72	B	1	12.3192	0.000243681	0	0	0	0	0	0
3	72	A	2	11.8627	0.000217980	0	0	0	0	0	0
3	72	B	2	11.8627	0.000217980	0	0	0	0	0	0
3	72	A	3	11.8088	0.000217213	0	0	0	0	0	0
3	72	B	3	11.8088	0.000217213	0	0	0	0	0	0
3	72	A	4	11.5152	0.000232450	0	0	0	0	0	0
3	72	B	4	11.5152	0.000232450	0	0	0	0	0	0
3	73	A	1	12.1173	0.000260270	0	0	0	0	0	0
3	73	B	1	12.1173	0.000260270	0	0	0	0	0	0
3	73	A	2	11.7497	0.000264975	0	0	0	0	0	0
3	73	B	2	11.7497	0.000264975	0	0	0	0	0	0
3	73	A	3	11.5753	0.000256335	0	0	0	0	0	0
3	73	B	3	11.5753	0.000256335	0	0	0	0	0	0
3	73	A	4	11.2103	0.000288636	0	0	0	0	0	0
3	73	B	4	11.2103	0.000288636	0	0	0	0	0	0
3	74	A	1	12.5253	0.000394193	0	0	0	0	0	0
3	74	B	1	12.5253	0.000394193	0	0	0	0	0	0
3	74	A	2	11.7713	0.000305477	0	0	0	0	0	0
3	74	B	2	11.7713	0.000305477	0	0	0	0	0	0
3	74	A	3	12.3192	0.000207232	0	0	0	0	0	0
3	74	B	3	12.3192	0.000207232	0	0	0	0	0	0
3	74	A	4	11.8042	0.000247059	0	0	0	0	0	0
3	74	B	4	11.8042	0.000247059	0	0	0	0	0	0
3	75	A	1	12.2301	0.000256588	0	0	0	0	0	0
3	75	B	1	12.2301	0.000256588	0	0	0	0	0	0
3	75	A	2	11.7669	0.000225332	0	0	0	0	0	0
3	75	B	2	11.7669	0.000225332	0	0	0	0	0	0
3	75	A	3	11.5806	0.000214109	0	0	0	0	0	0
3	75	B	3	11.5806	0.000214109	0	0	0	0	0	0
3	75	A	4	11.1292	0.000256371	0	0	0	0	0	0
3	75	B	4	11.1292	0.000256371	0	0	0	0	0	0
3	76	A	1	12.1301	0.000297433	0	0	0	0	0	0
3	76	B	1	12.1301	0.000297433	0	0	0	0	0	0
3	76	A	2	11.3112	0.000265146	0	0	0	0	0	0
3	76	B	2	11.3112	0.000265146	0	0	0	0	0	0
3	76	A	3	11.4142	0.000269784	0	0	0	0	0	0
3	76	B	3	11.4142	0.000269784	0	0	0	0	0	0
3	76	A	4	11.0363	0.000294661	0	0	0	0	0	0
3	76	B	4	11.0363	0.000294661	0	0	0	0	0	0
3	77	A	1	12.0586	0.000288910	0	0	0	0	0	0
3	77	B	1	12.0586	0.000288910	0	0	0	0	0	0
3	77	A	2	11.7597	0.000254796	0	0	0	0	0	0
3	77	B	2	11.7597	0.000254796	0	0	0	0	0	0
3	77	A	3	11.4384	0.000239609	0	0	0	0	0	0
3	77	B	3	11.4384	0.000239609	0	0	0	0	0	0
3	77	A	4	11.3177	0.000264172	0	0	0	0	0	0
3	77	B	4	11.3177	0.000264172	0	0	0	0	0	0
3	78	A	1	11.9543	0.000335318	0	0	0	0	0	0
3	78	B	1	11.9543	0.000335318	0	0	0	0	0	0
3	78	A	2	11.5709	0.000314789	0	0	0	0	0	0
3	78	B	2	11.5709	0.000314789	0	0	0	0	0	0
3	78	A	3	11.4791	0.000317347	0	0	0	0	0	0
3	78	B	3	11.4791	0.000317347	0	0	0	0	0	0
3	78	A	4	11.1940	0.000332491	0	0	0	0	0	0
3	78	B	4	11.1940	0.000332491	0	0	0	0	0	0
3	79	A	1	11.6505	0.000309909	0	0	0	0	0	0
3	79	B	1	11.6505	0.000309909	0	0	0	0	0	0
3	79	A	2	11.1757	0.000329904	0	0	0	0	0	0
3	79	B	2	11.1757	0.000329904	0	0	0	0	0	0
3	79	A	3	10.9812	0.000306425	0	0	0	0	0	0
3	79	B	3	10.9812	0.000306425	0	0	0	0	0	0
3	79	A	4	10.7719	0.000328226	0	0	0	0	0	0
3	79	B	4	10.7719	0.000328226	0	0	0	0	0	0
3	80	A	1	11.9745	0.000342577	0	0	0	0	0	0
3	80	B	1	11.9745	0.000342577	0	0	0	0	0	0
3	80	A	2	11.6243	0.000328922	0	0	0	0	0	0
3	80	B	2	11.6243	0.000328922	0	0	0	0	0	0
3	80	A	3	11.6447	0.000350135	0	0	0	0	0	0
3	80	B	3	11.6447	0.000350135	0	0	0	0	0	0
3	80	A	4	11.5330	0.000383897	0	0	0	0	0	0
3	80	B	4	11.5330	0.000383897	0	0	0	0	0	0
3	81	A	1	11.5474	0.000303437	0	0	0	0	0	0
3	81	B	1	11.5474	0.000303437	0	0	0	0	0	0
3	81	A	2	11.1134	0.000285934	0	0	0	0	0	0
3	81	B	2	11.1134	0.000285934	0	0	0	0	0	0
3	81	A	3	10.9360	0.000275283	0	0	0	0	0	0
3	81	B	3	10.9360	0.000275283	0	0	0	0	0	0
3	81	A	4	10.7302	0.000291895	0	0	0	0	0	0
3	81	B	4	10.7302	0.000291895	0	0	0	0	0	0
3	82	A	1	12.0116	0.000309320	0	0	0	0	0	0
3	82	B	1	12.0116	0.000309320	0	0	0	0	0	0
3	82	A	2	11.4612	0.000291690	0	0	0	0	0	0
3	82	B	2	11.4612	0.000291690	0	0	0	0	0	0
3	82	A	3	11.4413	0.000251771	0	0	0	0	0	0
3	82	B	3	11.4413	0.000251771	0	0	0	0	0	0
3	82	A	4	11.1871	0.000286767	0	0	0	0	0	0
3	82	B	4	11.1871	0.000286767	0	0	0	0	0	0
3	83	A	1	11.6392	0.000253096	0	0	0	0	0	0
3	83	B	1	11.6392	0.000253096	0	0	0	0	0	0
3	83	A	2	11.2423	0.000232853	0	0	0	0	0	0
3	83	B	2	11.2423	0.000232853	0	0	0	0	0	0
3	83	A	3	11.1512	0.000237687	0	0	0	0	0	0
3	83	B	3	11.1512	0.000237687	0	0	0	0	0	0
3	83	A	4	10.8777	0.000264085	0	0	0	0	0	0
3	83	B	4	10.8777	0.000264085	0	0	0	0	0	0
3	84	A	1	12.0801	0.000279544	0	0	0	0	0	0
3	84	B	1	12.0801	0.000279544	0	0	0	0	0	0
3	84	A	2	11.5833	0.000260269	0	0	0	0	0	0
3	84	B	2	11.5833	0.000260269	0	0	0	0	0	0
3	84	A	3	11.5441	0.000251184	0	0	0	0	0	0
3	84	B	3	11.5441	0.000251184	0	0	0	0	0	0
3	84	A	4	11.2662	0.000285417	0	0	0	0	0	0
3	84	B	4	11.2662	0.000285417	0	0	0	0	0	0
3	85	A	1	11.3282	0.000239213	0	0	0	0	0	0
3	85	B	1	11.3282	0.000239213	0	0	0	0	0	0
3	85	A	2	11.0098	0.000220919	0	0	0	0	0	0
3	85	B	2	11.0098	0.000220919	0	0	0	0	0	0
3	85	A	3	10.8883	0.000219057	0	0	0	0	0	0
3	85	B	3	10.8883	0.000219057	0	0	0	0	0	0
3	85	A	4	10.6365	0.000240753	0	0	0	0	0	0
3	85	B	4	10.6365	0.000240753	0	0	0	0	0	0
3	86	A	1	11.7654	0.000260556	0	0	0	0	0	0
3	86	B	1	11.7654	0.000260556	0	0	0	0	0	0
3	86	A	2	11.2777	0.000254266	0	0	0	0	0	0
3	86	B	2	11.2777	0.000254266	0	0	0	0	0	0
3	86	A	3	11.9602	0.000195037	0	0	0	0	0	0
3	86	B	3	11.9602	0.000195037	0	0	0	0	0	0
3	86	A	4	11.4541	0.000247923	0	0	0	0	0	0
3	86	B	4	11.4541	0.000247923	0	0	0	0	0	0
3	87	A	1	11.7397	0.000233649	0	0	0	0	0	0
3	87	B	1	11.7397	0.000233649	0	0	0	0	0	0
3	87	A	2	11.2891	0.000220044	0	0	0	0	0	0
3	87	B	2	11.2891	0.000220044	0	0	0	0	0	0
3	87	A	3	11.1440	0.000209254	0	0	0	0	0	0
3	87	B	3	11.1440	0.000209254	0	0	0	0	0	0
3	87	A	4	10.8774	0.000253241	0	0	0	0	0	0
3	87	B	4	10.8774	0.000253241	0	0	0	0	0	0
3	88	A	1	12.3530	0.000215854	0	0	0	0	0	0
3	88	B	1	12.3530	0.000215854	0	0	0	0	0	0
3	88	A	2	11.6671	0.000217608	0	0	0	0	0	0
3	88	B	2	11.6671	0.000217608	0	0	0	0	0	0
3	88	A	3	11.7698	0.000209406	0	0	0	0	0	0
3	88	B	3	11.7698	0.000209406	0	0	0	0	0	0
3	88	A	4	11.1493	0.000238850	0	0	0	0	0	0
3	88	B	4	11.1493	0.000238850	0	0	0	0	0	0
3	89	A	1	11.8963	0.000202518	0	0	0	0	0	0
3	89	B	1	11.8963	0.000202518	0	0	0	0	0	0
3	89	A	2	11.6572	0.000220332	0	0	0	0	0	0
3	89	B	2	11.6572	0.000220332	0	0	0	0	0	0
3	89	A	3	11.2041	0.000198290	0	0	0	0	0	0
3	89	B	3	11.2041	0.000198290	0	0	0	0	0	0
3	89	A	4	11.0773	0.000235062	0	0	0	0	0	0
3	89	B	4	11.0773	0.000235062	0	0	0	0	0	0
3	90	A	1	11.9259	0.000271343	0	0	0	0	0	0
3	90	B	1	11.9259	0.000271343	0	0	0	0	0	0
3	90	A	2	11.3233	0.000268003	0	0	0	0	0	0
3	90	B	2	11.3233	0.000268003	0	0	0	0	0	0
3	90	A	3	11.3051	0.000271218	0	0	0	0	0	0
3	90	B	3	11.3051	0.000271218	0	0	0	0	0	0
3	90	A	4	11.1487	0.000297528	0	0	0	0	0	0
3	90	B	4	11.1487	0.000297528	0	0	0	0	0	0
3	91	A	1	11.3591	0.000279443	0	0	0	0	0	0
3	91	B	1	11.3591	0.000279443	0	0	0	0	0	0
3	91	A	2	10.9570	0.000275014	0	0	0	0	0	0
3	91	B	2	10.9570	0.000275014	0	0	0	0	0	0
3	91	A	3	10.8076	0.000288662	0	0	0	0	0	0
3	91	B	3	10.8076	0.000288662	0	0	0	0	0	0
3	91	A	4	10.7276	0.000308683	0	0	0	0	0	0
3	91	B	4	10.7276	0.000308683	0	0	0	0	0	0
3	92	A	1	12.1448	0.000232029	0	0	0	0	0	0
3	92	B	1	12.1448	0.000232029	0	0	0	0	0	0
3	92	A	2	11.7597	0.000215779	0	0	0	0	0	0
3	92	B	2	11.7597	0.000215779	0	0	0	0	0	0
3	92	A	3	11.6580	0.000218886	0	0	0	0	0	0
3	92	B	3	11.6580	0.000218886	0	0	0	0	0	0
3	92	A	4	11.3377	0.000242955	0	0	0	0	0	0
3	92	B	4	11.3377	0.000242955	0	0	0	0	0	0
3	93	A	1	11.8864	0.000226659	0	0	0	0	0	0
3	93	B	1	11.8864	0.000226659	0	0	0	0	0	0
3	93	A	2	11.4659	0.000204635	0	0	0	0	0	0
3	93	B	2	11.4659	0.000204635	0	0	0	0	0	0
3	93	A	3	11.2901	0.000213431	0	0	0	0	0	0
3	93	B	3	11.2901	0.000213431	0	0	0	0	0	0
3	93	A	4	11.0166	0.000235241	0	0	0	0	0	0
3	93	B	4	11.0166	0.000235241	0	0	0	0	0	0
3	94	A	1	11.9020	0.000253176	0	0	0	0	0	0
3	94	B	1	11.9020	0.000253176	0	0	0	0	0	0
3	94	A	2	11.2569	0.000341108	0	0	0	0	0	0
3	94	B	2	11.2569	0.000341108	0	0	0	0	0	0
3	94	A	3	11.3196	0.000218599	0	0	0	0	0	0
3	94	B	3	11.3196	0.000218599	0	0	0	0	0	0
3	94	A	4	11.0394	0.000246013	0	0	0	0	0	0
3	94	B	4	11.0394	0.000246013	0	0	0	0	0	0
3	95	A	1	11.8945	0.000215819	0	0	0	0	0	0
3	95	B	1	11.8945	0.000215819	0	0	0	0	0	0
3	95	A	2	11.4565	0.000198236	0	0	0	0	0	0
3	95	B	2	11.4565	0.000198236	0	0	0	0	0	0
3	95	A	3	11.2931	0.000200662	0	0	0	0	0	0
3	95	B	3	11.2931	0.000200662	0	0	0	0	0	0
3	95	A	4	10.9837	0.000242136	0	0	0	0	0	0
3	95	B	4	10.9837	0.000242136	0	0	0	0	0	0
3	96	A	1	12.0258	0.000241541	0	0	0	0	0	0
3	96	B	1	12.0258	0.000241541	0	0	0	0	0	0
3	96	A	2	11.6839	0.000235029	0	0	0	0	0	0
3	96	B	2	11.6839	0.000235029	0	0	0	0	0	0
3	96	A	3	11.6872	0.000231466	0	0	0	0	0	0
3	96	B	3	11.6872	0.000231466	0	0	0	0	0	0
3	96	A	4	11.3437	0.000242711	0	0	0	0	0	0
3	96	B	4	11.3437	0.000242711	0	0	0	0	0	0
