1	1	A	1	4.92488		0	0	0	0
1	1	B	1	-1.85407		0	0	0	0
1	2	A	1	3.99631		0	0	0	0
1	2	B	1	-3.30612		0	0	0	0
1	3	A	1	1.05992		0	0	0	0
1	3	B	1	-5.86522		0	0	0	0
1	4	A	1	1.02455		0	0	0	0
1	4	B	1	-5.88963		0	0	0	0
1	5	A	1	1.28736		0	0	0	0
1	5	B	1	-5.91166		0	0	0	0
1	6	A	1	2.80037		0	0	0	0
1	6	B	1	-4.21292		0	0	0	0
1	7	A	1	3.84309		0	0	0	0
1	7	B	1	-3.58523		0	0	0	0
1	8	A	1	2.28878		0	0	0	0
1	8	B	1	-5.02427		0	0	0	0
1	9	A	1	2.80849		0	0	0	0
1	9	B	1	-4.17749		0	0	0	0
1	10	A	1	2.76818		0	0	0	0
1	10	B	1	-4.25931		0	0	0	0
1	11	A	1	-5.148		0	0	0	0
1	11	B	1	-6.95341		0	0	0	0
1	12	A	1	-3.22798		0	0	0	0
1	12	B	1	-4.93568		0	0	0	0
1	13	A	1	-2.04594		0	0	0	0
1	13	B	1	-5.58417		0	0	0	0
1	14	A	1	-2.47746		0	0	0	0
1	14	B	1	-6.01204		0	0	0	0
1	15	A	1	-4.70777		0	0	0	0
1	15	B	1	-8.53415		0	0	0	0
1	16	A	1	-3.0183		0	0	0	0
1	16	B	1	-6.47932		0	0	0	0
1	17	A	1	-2.99808		0	0	0	0
1	17	B	1	-6.25001		0	0	0	0
1	18	A	1	-1.13941		0	0	0	0
1	18	B	1	-4.62122		0	0	0	0
1	19	A	1	0.175628		0	0	0	0
1	19	B	1	-3.0515		0	0	0	0
1	20	A	1	-0.941318		0	0	0	0
1	20	B	1	-4.24565		0	0	0	0
1	21	A	1	-0.764454		0	0	0	0
1	21	B	1	-4.07659		0	0	0	0
1	22	A	1	0.724731		0	0	0	0
1	22	B	1	-2.45585		0	0	0	0
1	23	A	1	-2.8129		0	0	0	0
1	23	B	1	-5.84101		0	0	0	0
1	24	A	1	-0.345016		0	0	0	0
1	24	B	1	-3.09769		0	0	0	0
1	25	A	1	-1.09919		0	0	0	0
1	25	B	1	-2.318		0	0	0	0
1	26	A	1	-2.09604		0	0	0	0
1	26	B	1	-3.85718		0	0	0	0
1	27	A	1	-6.00147		0	0	0	0
1	27	B	1	-7.21383		0	0	0	0
1	28	A	1	-5.25233		0	0	0	0
1	28	B	1	-6.72507		0	0	0	0
1	29	A	1	-5.02932		0	0	0	0
1	29	B	1	-5.92765		0	0	0	0
1	30	A	1	-3.22864		0	0	0	0
1	30	B	1	-4.66392		0	0	0	0
1	31	A	1	8.20925		0	0	0	0
1	31	B	1	-0.891373		0	0	0	0
1	32	A	1	6.19916		0	0	0	0
1	32	B	1	-3.02734		0	0	0	0
1	33	A	1	6.65702		0	0	0	0
1	33	B	1	-2.38021		0	0	0	0
1	34	A	1	7.36796		0	0	0	0
1	34	B	1	-1.56983		0	0	0	0
1	35	A	1	4.14893		0	0	0	0
1	35	B	1	-5.14398		0	0	0	0
1	36	A	1	6.15308		0	0	0	0
1	36	B	1	-3.41449		0	0	0	0
1	37	A	1	7.11235		0	0	0	0
1	37	B	1	-4.06459		0	0	0	0
1	38	A	1	7.37499		0	0	0	0
1	38	B	1	-3.49141		0	0	0	0
1	39	A	1	4.67131		0	0	0	0
1	39	B	1	-1.1681		0	0	0	0
1	40	A	1	5.99473		0	0	0	0
1	40	B	1	0.336147		0	0	0	0
1	41	A	1	6.50164		0	0	0	0
1	41	B	1	0.356899		0	0	0	0
1	42	A	1	8.35731		0	0	0	0
1	42	B	1	2.79631		0	0	0	0
1	43	A	1	9.83314		0	0	0	0
1	43	B	1	3.90711		0	0	0	0
1	44	A	1	9.02048		0	0	0	0
1	44	B	1	2.88044		0	0	0	0
1	45	A	1	8.26872		0	0	0	0
1	45	B	1	2.51616		0	0	0	0
1	46	A	1	10.0767		0	0	0	0
1	46	B	1	4.31341		0	0	0	0
1	47	A	1	7.14377		0	0	0	0
1	47	B	1	0.87015		0	0	0	0
1	48	A	1	8.86236		0	0	0	0
1	48	B	1	2.80392		0	0	0	0
2	1	A	1	0.765096		0	0	0	0
2	1	B	1	-5.50729		0	0	0	0
2	2	A	1	1.7302		0	0	0	0
2	2	B	1	-4.92397		0	0	0	0
2	3	A	1	-0.190985		0	0	0	0
2	3	B	1	-7.21208		0	0	0	0
2	4	A	1	-0.465387		0	0	0	0
2	4	B	1	-7.08532		0	0	0	0
2	5	A	1	1.47797		0	0	0	0
2	5	B	1	-5.10933		0	0	0	0
2	6	A	1	2.04365		0	0	0	0
2	6	B	1	-4.71547		0	0	0	0
2	7	A	1	4.28794		0	0	0	0
2	7	B	1	-2.93928		0	0	0	0
2	8	A	1	1.42003		0	0	0	0
2	8	B	1	-5.69571		0	0	0	0
2	9	A	1	1.82597		0	0	0	0
2	9	B	1	-4.7882		0	0	0	0
2	10	A	1	1.49849		0	0	0	0
2	10	B	1	-5.07291		0	0	0	0
2	11	A	1	-6.19798		0	0	0	0
2	11	B	1	-7.90335		0	0	0	0
2	12	A	1	-5.15954		0	0	0	0
2	12	B	1	-6.17537		0	0	0	0
2	13	A	1	-2.49456		0	0	0	0
2	13	B	1	-5.71583		0	0	0	0
2	14	A	1	-4.35003		0	0	0	0
2	14	B	1	-7.53567		0	0	0	0
2	15	A	1	-4.24444		0	0	0	0
2	15	B	1	-7.30904		0	0	0	0
2	16	A	1	-6.46392		0	0	0	0
2	16	B	1	-9.59834		0	0	0	0
2	17	A	1	-2.98301		0	0	0	0
2	17	B	1	-6.10091		0	0	0	0
2	18	A	1	-3.80098		0	0	0	0
2	18	B	1	-6.6277		0	0	0	0
2	19	A	1	-1.10634		0	0	0	0
2	19	B	1	-5.00684		0	0	0	0
2	20	A	1	-4.37064		0	0	0	0
2	20	B	1	-7.59722		0	0	0	0
2	21	A	1	6.87833		0	0	0	0
2	21	B	1	-4.49087		0	0	0	0
2	22	A	1	6.0698		0	0	0	0
2	22	B	1	-5.37092		0	0	0	0
2	23	A	1	2.80251		0	0	0	0
2	23	B	1	-8.35013		0	0	0	0
2	24	A	1	5.43162		0	0	0	0
2	24	B	1	-5.77932		0	0	0	0
2	25	A	1	5.05945		0	0	0	0
2	25	B	1	-4.51147		0	0	0	0
2	26	A	1	6.09199		0	0	0	0
2	26	B	1	-3.44677		0	0	0	0
2	27	A	1	3.78584		0	0	0	0
2	27	B	1	-5.75129		0	0	0	0
2	28	A	1	3.82148		0	0	0	0
2	28	B	1	-5.54912		0	0	0	0
2	29	A	1	5.85945		0	0	0	0
2	29	B	1	-3.7661		0	0	0	0
2	30	A	1	5.82847		0	0	0	0
2	30	B	1	-3.11115		0	0	0	0
2	31	A	1	7.85695		0	0	0	0
2	31	B	1	-0.518638		0	0	0	0
2	32	A	1	5.31999		0	0	0	0
2	32	B	1	-3.62146		0	0	0	0
2	33	A	1	5.62955		0	0	0	0
2	33	B	1	-3.28625		0	0	0	0
2	34	A	1	4.56861		0	0	0	0
2	34	B	1	-4.77684		0	0	0	0
2	35	A	1	3.2221		0	0	0	0
2	35	B	1	-5.77922		0	0	0	0
2	36	A	1	4.53034		0	0	0	0
2	36	B	1	-4.70559		0	0	0	0
2	37	A	1	6.69145		0	0	0	0
2	37	B	1	-4.57084		0	0	0	0
2	38	A	1	5.91962		0	0	0	0
2	38	B	1	-5.17187		0	0	0	0
2	39	A	1	5.21116		0	0	0	0
2	39	B	1	-1.03473		0	0	0	0
2	40	A	1	3.58843		0	0	0	0
2	40	B	1	-2.19666		0	0	0	0
2	41	A	1	6.25855		0	0	0	0
2	41	B	1	0.304817		0	0	0	0
2	42	A	1	6.33294		0	0	0	0
2	42	B	1	0.270083		0	0	0	0
2	43	A	1	8.56959		0	0	0	0
2	43	B	1	2.10617		0	0	0	0
2	44	A	1	5.74039		0	0	0	0
2	44	B	1	-0.466271		0	0	0	0
2	45	A	1	6.06272		0	0	0	0
2	45	B	1	-0.0236697		0	0	0	0
2	46	A	1	6.62669		0	0	0	0
2	46	B	1	0.446188		0	0	0	0
2	47	A	1	2.44559		0	0	0	0
2	47	B	1	-3.66768		0	0	0	0
2	48	A	1	5.41996		0	0	0	0
2	48	B	1	-0.778616		0	0	0	0
3	1	A	1	1.12868		0	0	0	0
3	1	B	1	-5.99657		0	0	0	0
3	2	A	1	0.757212		0	0	0	0
3	2	B	1	-6.27761		0	0	0	0
3	3	A	1	-1.87773		0	0	0	0
3	3	B	1	-9.30562		0	0	0	0
3	4	A	1	-2.03258		0	0	0	0
3	4	B	1	-8.66002		0	0	0	0
3	5	A	1	-1.05958		0	0	0	0
3	5	B	1	-7.71158		0	0	0	0
3	6	A	1	0.597968		0	0	0	0
3	6	B	1	-6.23018		0	0	0	0
3	7	A	1	1.8275		0	0	0	0
3	7	B	1	-4.72746		0	0	0	0
3	8	A	1	-2.09721		0	0	0	0
3	8	B	1	-5.32445		0	0	0	0
3	9	A	1	1.46233		0	0	0	0
3	9	B	1	-5.19933		0	0	0	0
3	10	A	1	2.38848		0	0	0	0
3	10	B	1	-4.45454		0	0	0	0
3	11	A	1	-0.697798		0	0	0	0
3	11	B	1	-8.00797		0	0	0	0
3	12	A	1	1.6624		0	0	0	0
3	12	B	1	-5.60825		0	0	0	0
3	13	A	1	1.95535		0	0	0	0
3	13	B	1	-6.19255		0	0	0	0
3	14	A	1	4.77984		0	0	0	0
3	14	B	1	-3.35266		0	0	0	0
3	15	A	1	-0.221493		0	0	0	0
3	15	B	1	-8.60834		0	0	0	0
3	16	A	1	1.57905		0	0	0	0
3	16	B	1	-6.79569		0	0	0	0
3	17	A	1	1.92166		0	0	0	0
3	17	B	1	-6.03261		0	0	0	0
3	18	A	1	3.8394		0	0	0	0
3	18	B	1	-4.38878		0	0	0	0
3	19	A	1	5.03844		0	0	0	0
3	19	B	1	-2.79481		0	0	0	0
3	20	A	1	4.80715		0	0	0	0
3	20	B	1	-3.35619		0	0	0	0
3	21	A	1	-0.496405		0	0	0	0
3	21	B	1	-3.23952		0	0	0	0
3	22	A	1	0.805739		0	0	0	0
3	22	B	1	-2.13148		0	0	0	0
3	23	A	1	-1.994		0	0	0	0
3	23	B	1	-5.56594		0	0	0	0
3	24	A	1	-0.0184437		0	0	0	0
3	24	B	1	-3.81128		0	0	0	0
3	25	A	1	0.0575695		0	0	0	0
3	25	B	1	-0.862461		0	0	0	0
3	26	A	1	-0.713659		0	0	0	0
3	26	B	1	-1.68612		0	0	0	0
3	27	A	1	-2.85089		0	0	0	0
3	27	B	1	-4.21502		0	0	0	0
3	28	A	1	-3.43626		0	0	0	0
3	28	B	1	-4.23986		0	0	0	0
3	29	A	1	-2.72589		0	0	0	0
3	29	B	1	-4.29631		0	0	0	0
3	30	A	1	-1.41269		0	0	0	0
3	30	B	1	-2.63016		0	0	0	0
3	31	A	1	0.382864		0	0	0	0
3	31	B	1	-1.68092		0	0	0	0
3	32	A	1	-1.47029		0	0	0	0
3	32	B	1	-3.21987		0	0	0	0
3	33	A	1	-2.0271		0	0	0	0
3	33	B	1	-3.47141		0	0	0	0
3	34	A	1	-1.85937		0	0	0	0
3	34	B	1	-3.33357		0	0	0	0
3	35	A	1	-5.01869		0	0	0	0
3	35	B	1	-6.98789		0	0	0	0
3	36	A	1	-2.73194		0	0	0	0
3	36	B	1	-4.99383		0	0	0	0
3	37	A	1	-2.65671		0	0	0	0
3	37	B	1	-5.99594		0	0	0	0
3	38	A	1	-2.38382		0	0	0	0
3	38	B	1	-5.55047		0	0	0	0
3	39	A	1	-3.98926		0	0	0	0
3	39	B	1	-7.77935		0	0	0	0
3	40	A	1	-4.53748		0	0	0	0
3	40	B	1	-7.7841		0	0	0	0
3	41	A	1	2.07522		0	0	0	0
3	41	B	1	-6.36627		0	0	0	0
3	42	A	1	2.61848		0	0	0	0
3	42	B	1	-5.75034		0	0	0	0
3	43	A	1	5.09805		0	0	0	0
3	43	B	1	-3.42272		0	0	0	0
3	44	A	1	2.28912		0	0	0	0
3	44	B	1	-6.23295		0	0	0	0
3	45	A	1	2.03509		0	0	0	0
3	45	B	1	-6.23879		0	0	0	0
3	46	A	1	3.26591		0	0	0	0
3	46	B	1	-4.99009		0	0	0	0
3	47	A	1	-1.03205		0	0	0	0
3	47	B	1	-9.62528		0	0	0	0
3	48	A	1	1.52116		0	0	0	0
3	48	B	1	-6.91651		0	0	0	0
3	49	A	1	1.6997		0	0	0	0
3	49	B	1	-5.34241		0	0	0	0
3	50	A	1	1.81216		0	0	0	0
3	50	B	1	-5.08888		0	0	0	0
3	51	A	1	3.54402		0	0	0	0
3	51	B	1	-5.89488		0	0	0	0
3	52	A	1	4.23892		0	0	0	0
3	52	B	1	-5.22581		0	0	0	0
3	53	A	1	4.82128		0	0	0	0
3	53	B	1	-4.81756		0	0	0	0
3	54	A	1	6.41009		0	0	0	0
3	54	B	1	-2.92658		0	0	0	0
3	55	A	1	7.48488		0	0	0	0
3	55	B	1	-1.74849		0	0	0	0
3	56	A	1	6.33516		0	0	0	0
3	56	B	1	-3.16957		0	0	0	0
3	57	A	1	6.18486		0	0	0	0
3	57	B	1	-3.33206		0	0	0	0
3	58	A	1	7.58266		0	0	0	0
3	58	B	1	-1.87952		0	0	0	0
3	59	A	1	3.92416		0	0	0	0
3	59	B	1	-5.11917		0	0	0	0
3	60	A	1	6.45193		0	0	0	0
3	60	B	1	-3.1183		0	0	0	0
3	61	A	1	6.72284		0	0	0	0
3	61	B	1	-3.95951		0	0	0	0
3	62	A	1	10.3507		0	0	0	0
3	62	B	1	-0.662023		0	0	0	0
3	63	A	1	5.20653		0	0	0	0
3	63	B	1	-5.807		0	0	0	0
3	64	A	1	7.84424		0	0	0	0
3	64	B	1	-3.39988		0	0	0	0
3	65	A	1	7.45501		0	0	0	0
3	65	B	1	-3.74003		0	0	0	0
3	66	A	1	10.0058		0	0	0	0
3	66	B	1	-1.13511		0	0	0	0
3	67	A	1	10.9408		0	0	0	0
3	67	B	1	-0.184965		0	0	0	0
3	68	A	1	10.554		0	0	0	0
3	68	B	1	-0.859213		0	0	0	0
3	69	A	1	12.1475		0	0	0	0
3	69	B	1	0.7278		0	0	0	0
3	70	A	1	11.7501		0	0	0	0
3	70	B	1	0.448766		0	0	0	0
3	71	A	1	10.0903		0	0	0	0
3	71	B	1	-0.577287		0	0	0	0
3	72	A	1	10.5354		0	0	0	0
3	72	B	1	-0.0518485		0	0	0	0
3	73	A	1	13.594		0	0	0	0
3	73	B	1	4.5121		0	0	0	0
3	74	A	1	12.5616		0	0	0	0
3	74	B	1	3.11641		0	0	0	0
3	75	A	1	10.1053		0	0	0	0
3	75	B	1	6.0079		0	0	0	0
3	76	A	1	9.73342		0	0	0	0
3	76	B	1	5.50923		0	0	0	0
3	77	A	1	10.7555		0	0	0	0
3	77	B	1	6.6907		0	0	0	0
3	78	A	1	11.9415		0	0	0	0
3	78	B	1	7.79093		0	0	0	0
3	79	A	1	13.3376		0	0	0	0
3	79	B	1	9.52909		0	0	0	0
3	80	A	1	11.0939		0	0	0	0
3	80	B	1	7.28178		0	0	0	0
3	81	A	1	10.6029		0	0	0	0
3	81	B	1	6.57355		0	0	0	0
3	82	A	1	10.8603		0	0	0	0
3	82	B	1	6.90611		0	0	0	0
3	83	A	1	7.92966		0	0	0	0
3	83	B	1	4.18845		0	0	0	0
3	84	A	1	9.98173		0	0	0	0
3	84	B	1	5.93836		0	0	0	0
3	85	A	1	10.6041		0	0	0	0
3	85	B	1	4.99301		0	0	0	0
3	86	A	1	10.7613		0	0	0	0
3	86	B	1	5.31121		0	0	0	0
3	87	A	1	8.64037		0	0	0	0
3	87	B	1	2.48389		0	0	0	0
3	88	A	1	7.82265		0	0	0	0
3	88	B	1	2.40519		0	0	0	0
3	89	A	1	9.27309		0	0	0	0
3	89	B	1	4.05003		0	0	0	0
3	90	A	1	10.3333		0	0	0	0
3	90	B	1	4.67319		0	0	0	0
3	91	A	1	12.6242		0	0	0	0
3	91	B	1	6.5522		0	0	0	0
3	92	A	1	9.78346		0	0	0	0
3	92	B	1	4.12095		0	0	0	0
3	93	A	1	9.29031		0	0	0	0
3	93	B	1	3.48915		0	0	0	0
3	94	A	1	10.9464		0	0	0	0
3	94	B	1	5.42366		0	0	0	0
3	95	A	1	6.68728		0	0	0	0
3	95	B	1	0.783345		0	0	0	0
3	96	A	1	8.88161		0	0	0	0
3	96	B	1	3.21019		0	0	0	0
1	1	A	2	3.36931		0	0	0	0
1	1	B	2	-3.36931		0	0	0	0
1	2	A	2	-1.12772		0	0	0	0
1	2	B	2	-8.21818		0	0	0	0
1	3	A	2	2.00262		0	0	0	0
1	3	B	2	-4.74681		0	0	0	0
1	4	A	2	0.00880312		0	0	0	0
1	4	B	2	-6.97329		0	0	0	0
1	5	A	2	0.81685		0	0	0	0
1	5	B	2	-6.47038		0	0	0	0
1	6	A	2	0.551051		0	0	0	0
1	6	B	2	-6.47943		0	0	0	0
1	7	A	2	-1.52494		0	0	0	0
1	7	B	2	-8.75411		0	0	0	0
1	8	A	2	1.79756		0	0	0	0
1	8	B	2	-5.68396		0	0	0	0
1	9	A	2	-0.213919		0	0	0	0
1	9	B	2	-7.27003		0	0	0	0
1	10	A	2	-1.08464		0	0	0	0
1	10	B	2	-8.09825		0	0	0	0
1	11	A	2	-9.54726		0	0	0	0
1	11	B	2	-11.3173		0	0	0	0
1	12	A	2	-2.38286		0	0	0	0
1	12	B	2	-4.14897		0	0	0	0
1	13	A	2	-2.03356		0	0	0	0
1	13	B	2	-5.54736		0	0	0	0
1	14	A	2	-2.06137		0	0	0	0
1	14	B	2	-5.30836		0	0	0	0
1	15	A	2	1.66897		0	0	0	0
1	15	B	2	-2.27917		0	0	0	0
1	16	A	2	-1.05477		0	0	0	0
1	16	B	2	-4.57308		0	0	0	0
1	17	A	2	2.15824		0	0	0	0
1	17	B	2	-1.02781		0	0	0	0
1	18	A	2	2.5624		0	0	0	0
1	18	B	2	-1.00743		0	0	0	0
1	19	A	2	-0.623369		0	0	0	0
1	19	B	2	-3.63318		0	0	0	0
1	20	A	2	2.62719		0	0	0	0
1	20	B	2	-0.897583		0	0	0	0
1	21	A	2	2.58465		0	0	0	0
1	21	B	2	-0.895653		0	0	0	0
1	22	A	2	1.5681		0	0	0	0
1	22	B	2	-1.546		0	0	0	0
1	23	A	2	-3.13931		0	0	0	0
1	23	B	2	-6.18951		0	0	0	0
1	24	A	2	1.39708		0	0	0	0
1	24	B	2	-1.39708		0	0	0	0
1	25	A	2	0.598185		0	0	0	0
1	25	B	2	-0.598185		0	0	0	0
1	26	A	2	-7.01456		0	0	0	0
1	26	B	2	-8.9684		0	0	0	0
1	27	A	2	1.87552		0	0	0	0
1	27	B	2	0.927631		0	0	0	0
1	28	A	2	-6.08288		0	0	0	0
1	28	B	2	-7.55399		0	0	0	0
1	29	A	2	-5.81398		0	0	0	0
1	29	B	2	-6.88196		0	0	0	0
1	30	A	2	-5.91503		0	0	0	0
1	30	B	2	-7.23996		0	0	0	0
1	31	A	2	2.19829		0	0	0	0
1	31	B	2	-6.72686		0	0	0	0
1	32	A	2	5.48708		0	0	0	0
1	32	B	2	-3.87083		0	0	0	0
1	33	A	2	3.79853		0	0	0	0
1	33	B	2	-5.32703		0	0	0	0
1	34	A	2	3.08718		0	0	0	0
1	34	B	2	-5.80026		0	0	0	0
1	35	A	2	-0.668141		0	0	0	0
1	35	B	2	-9.71476		0	0	0	0
1	36	A	2	7.16109		0	0	0	0
1	36	B	2	-2.37307		0	0	0	0
1	37	A	2	8.33932		0	0	0	0
1	37	B	2	-2.95368		0	0	0	0
1	38	A	2	6.55495		0	0	0	0
1	38	B	2	-4.43685		0	0	0	0
1	39	A	2	9.94451		0	0	0	0
1	39	B	2	4.05984		0	0	0	0
1	40	A	2	10.0196		0	0	0	0
1	40	B	2	4.32251		0	0	0	0
1	41	A	2	12.2665		0	0	0	0
1	41	B	2	5.99897		0	0	0	0
1	42	A	2	11.1323		0	0	0	0
1	42	B	2	5.56453		0	0	0	0
1	43	A	2	9.52478		0	0	0	0
1	43	B	2	3.62883		0	0	0	0
1	44	A	2	12.4555		0	0	0	0
1	44	B	2	6.41676		0	0	0	0
1	45	A	2	11.5482		0	0	0	0
1	45	B	2	5.6081		0	0	0	0
1	46	A	2	10.9182		0	0	0	0
1	46	B	2	5.03127		0	0	0	0
1	47	A	2	6.76616		0	0	0	0
1	47	B	2	0.581931		0	0	0	0
1	48	A	2	3.03914		0	0	0	0
1	48	B	2	-3.03914		0	0	0	0
2	1	A	2	-0.215738		0	0	0	0
2	1	B	2	-6.52007		0	0	0	0
2	2	A	2	-0.216434		0	0	0	0
2	2	B	2	-6.68599		0	0	0	0
2	3	A	2	-1.84514		0	0	0	0
2	3	B	2	-8.88812		0	0	0	0
2	4	A	2	-0.361486		0	0	0	0
2	4	B	2	-6.90078		0	0	0	0
2	5	A	2	0.484665		0	0	0	0
2	5	B	2	-6.18871		0	0	0	0
2	6	A	2	3.7881		0	0	0	0
2	6	B	2	-3.01867		0	0	0	0
2	7	A	2	0.787211		0	0	0	0
2	7	B	2	-6.32392		0	0	0	0
2	8	A	2	5.40256		0	0	0	0
2	8	B	2	-1.64547		0	0	0	0
2	9	A	2	4.56232		0	0	0	0
2	9	B	2	-2.16948		0	0	0	0
2	10	A	2	4.54934		0	0	0	0
2	10	B	2	-2.05065		0	0	0	0
2	11	A	2	-2.70213		0	0	0	0
2	11	B	2	-4.40838		0	0	0	0
2	12	A	2	-1.94471		0	0	0	0
2	12	B	2	-2.94406		0	0	0	0
2	13	A	2	0.132868		0	0	0	0
2	13	B	2	-3.22603		0	0	0	0
2	14	A	2	-1.59104		0	0	0	0
2	14	B	2	-4.62576		0	0	0	0
2	15	A	2	1.54624		0	0	0	0
2	15	B	2	-1.54624		0	0	0	0
2	16	A	2	1.90086		0	0	0	0
2	16	B	2	-1.24905		0	0	0	0
2	17	A	2	0.929714		0	0	0	0
2	17	B	2	-2.10521		0	0	0	0
2	18	A	2	0.999805		0	0	0	0
2	18	B	2	-1.93072		0	0	0	0
2	19	A	2	1.0414		0	0	0	0
2	19	B	2	-2.68737		0	0	0	0
2	20	A	2	1.61105		0	0	0	0
2	20	B	2	-1.54106		0	0	0	0
2	21	A	2	2.20973		0	0	0	0
2	21	B	2	-9.16717		0	0	0	0
2	22	A	2	6.51161		0	0	0	0
2	22	B	2	-4.93599		0	0	0	0
2	23	A	2	3.02274		0	0	0	0
2	23	B	2	-8.25556		0	0	0	0
2	24	A	2	5.08859		0	0	0	0
2	24	B	2	-6.08851		0	0	0	0
2	25	A	2	2.83153		0	0	0	0
2	25	B	2	-6.75837		0	0	0	0
2	26	A	2	3.32203		0	0	0	0
2	26	B	2	-6.19656		0	0	0	0
2	27	A	2	2.24034		0	0	0	0
2	27	B	2	-7.20747		0	0	0	0
2	28	A	2	4.50726		0	0	0	0
2	28	B	2	-4.9046		0	0	0	0
2	29	A	2	4.95649		0	0	0	0
2	29	B	2	-4.76815		0	0	0	0
2	30	A	2	7.4023		0	0	0	0
2	30	B	2	-1.52895		0	0	0	0
2	31	A	2	5.0095		0	0	0	0
2	31	B	2	-3.51447		0	0	0	0
2	32	A	2	9.23743		0	0	0	0
2	32	B	2	0.225698		0	0	0	0
2	33	A	2	7.35511		0	0	0	0
2	33	B	2	-1.63816		0	0	0	0
2	34	A	2	8.22536		0	0	0	0
2	34	B	2	-1.19845		0	0	0	0
2	35	A	2	7.18662		0	0	0	0
2	35	B	2	-1.77825		0	0	0	0
2	36	A	2	9.45711		0	0	0	0
2	36	B	2	0.126611		0	0	0	0
2	37	A	2	10.4346		0	0	0	0
2	37	B	2	-0.920343		0	0	0	0
2	38	A	2	6.76035		0	0	0	0
2	38	B	2	-4.15955		0	0	0	0
2	39	A	2	3.02357		0	0	0	0
2	39	B	2	-3.02357		0	0	0	0
2	40	A	2	13.5103		0	0	0	0
2	40	B	2	7.89683		0	0	0	0
2	41	A	2	11.322		0	0	0	0
2	41	B	2	5.39091		0	0	0	0
2	42	A	2	11.2739		0	0	0	0
2	42	B	2	5.29426		0	0	0	0
2	43	A	2	10.1796		0	0	0	0
2	43	B	2	3.85622		0	0	0	0
2	44	A	2	12.3547		0	0	0	0
2	44	B	2	6.0281		0	0	0	0
2	45	A	2	4.02757		0	0	0	0
2	45	B	2	-2.1612		0	0	0	0
2	46	A	2	6.04704		0	0	0	0
2	46	B	2	0.0251031		0	0	0	0
2	47	A	2	2.05329		0	0	0	0
2	47	B	2	-3.98539		0	0	0	0
2	48	A	2	5.31713		0	0	0	0
2	48	B	2	-1.03842		0	0	0	0
3	1	A	2	2.07288		0	0	0	0
3	1	B	2	-4.90538		0	0	0	0
3	2	A	2	-0.170003		0	0	0	0
3	2	B	2	-7.33686		0	0	0	0
3	3	A	2	-1.16033		0	0	0	0
3	3	B	2	-8.37683		0	0	0	0
3	4	A	2	0.669207		0	0	0	0
3	4	B	2	-5.89868		0	0	0	0
3	5	A	2	0.306326		0	0	0	0
3	5	B	2	-6.50939		0	0	0	0
3	6	A	2	2.01099		0	0	0	0
3	6	B	2	-4.8354		0	0	0	0
3	7	A	2	0.362099		0	0	0	0
3	7	B	2	-6.19487		0	0	0	0
3	8	A	2	4.06812		0	0	0	0
3	8	B	2	-2.35918		0	0	0	0
3	9	A	2	3.55668		0	0	0	0
3	9	B	2	-3.10327		0	0	0	0
3	10	A	2	2.75434		0	0	0	0
3	10	B	2	-4.01865		0	0	0	0
3	11	A	2	-0.0227295		0	0	0	0
3	11	B	2	-7.28368		0	0	0	0
3	12	A	2	2.93305		0	0	0	0
3	12	B	2	-4.34427		0	0	0	0
3	13	A	2	2.19028		0	0	0	0
3	13	B	2	-5.88301		0	0	0	0
3	14	A	2	-0.161305		0	0	0	0
3	14	B	2	-8.68586		0	0	0	0
3	15	A	2	-0.304092		0	0	0	0
3	15	B	2	-8.69893		0	0	0	0
3	16	A	2	0.857994		0	0	0	0
3	16	B	2	-7.43679		0	0	0	0
3	17	A	2	2.09733		0	0	0	0
3	17	B	2	-6.16919		0	0	0	0
3	18	A	2	3.53671		0	0	0	0
3	18	B	2	-4.7266		0	0	0	0
3	19	A	2	1.80847		0	0	0	0
3	19	B	2	-6.15379		0	0	0	0
3	20	A	2	5.52097		0	0	0	0
3	20	B	2	-2.80776		0	0	0	0
3	21	A	2	-1.11392		0	0	0	0
3	21	B	2	-3.914		0	0	0	0
3	22	A	2	-2.04208		0	0	0	0
3	22	B	2	-4.96619		0	0	0	0
3	23	A	2	-6.06685		0	0	0	0
3	23	B	2	-9.73821		0	0	0	0
3	24	A	2	-2.15184		0	0	0	0
3	24	B	2	-5.75755		0	0	0	0
3	25	A	2	-4.73287		0	0	0	0
3	25	B	2	-5.91824		0	0	0	0
3	26	A	2	1.56832		0	0	0	0
3	26	B	2	0.22321		0	0	0	0
3	27	A	2	0.390836		0	0	0	0
3	27	B	2	-0.927494		0	0	0	0
3	28	A	2	2.11188		0	0	0	0
3	28	B	2	1.18956		0	0	0	0
3	29	A	2	1.70284		0	0	0	0
3	29	B	2	-0.0205955		0	0	0	0
3	30	A	2	4.59856		0	0	0	0
3	30	B	2	3.33069		0	0	0	0
3	31	A	2	2.51056		0	0	0	0
3	31	B	2	0.689385		0	0	0	0
3	32	A	2	5.58108		0	0	0	0
3	32	B	2	3.77821		0	0	0	0
3	33	A	2	3.58516		0	0	0	0
3	33	B	2	2.00396		0	0	0	0
3	34	A	2	3.01852		0	0	0	0
3	34	B	2	1.49377		0	0	0	0
3	35	A	2	0.602358		0	0	0	0
3	35	B	2	-1.26916		0	0	0	0
3	36	A	2	3.48715		0	0	0	0
3	36	B	2	1.28486		0	0	0	0
3	37	A	2	3.65752		0	0	0	0
3	37	B	2	0.321299		0	0	0	0
3	38	A	2	0.569742		0	0	0	0
3	38	B	2	-2.61724		0	0	0	0
3	39	A	2	-0.428118		0	0	0	0
3	39	B	2	-4.0599		0	0	0	0
3	40	A	2	1.5914		0	0	0	0
3	40	B	2	-1.38243		0	0	0	0
3	41	A	2	6.151		0	0	0	0
3	41	B	2	-2.3758		0	0	0	0
3	42	A	2	6.15869		0	0	0	0
3	42	B	2	-2.15817		0	0	0	0
3	43	A	2	6.22329		0	0	0	0
3	43	B	2	-2.31753		0	0	0	0
3	44	A	2	7.30552		0	0	0	0
3	44	B	2	-1.07767		0	0	0	0
3	45	A	2	5.1889		0	0	0	0
3	45	B	2	-3.12458		0	0	0	0
3	46	A	2	4.412		0	0	0	0
3	46	B	2	-3.84487		0	0	0	0
3	47	A	2	0.413161		0	0	0	0
3	47	B	2	-8.20495		0	0	0	0
3	48	A	2	3.73078		0	0	0	0
3	48	B	2	-4.74727		0	0	0	0
3	49	A	2	2.22509		0	0	0	0
3	49	B	2	-4.96017		0	0	0	0
3	50	A	2	0.155274		0	0	0	0
3	50	B	2	-6.80181		0	0	0	0
3	51	A	2	4.79745		0	0	0	0
3	51	B	2	-4.79982		0	0	0	0
3	52	A	2	6.15476		0	0	0	0
3	52	B	2	-3.2858		0	0	0	0
3	53	A	2	5.56212		0	0	0	0
3	53	B	2	-3.9635		0	0	0	0
3	54	A	2	7.53489		0	0	0	0
3	54	B	2	-1.87448		0	0	0	0
3	55	A	2	4.76142		0	0	0	0
3	55	B	2	-4.55837		0	0	0	0
3	56	A	2	7.77493		0	0	0	0
3	56	B	2	-1.64327		0	0	0	0
3	57	A	2	9.43536		0	0	0	0
3	57	B	2	0.041415		0	0	0	0
3	58	A	2	8.42152		0	0	0	0
3	58	B	2	-0.920476		0	0	0	0
3	59	A	2	5.76399		0	0	0	0
3	59	B	2	-3.25716		0	0	0	0
3	60	A	2	8.26073		0	0	0	0
3	60	B	2	-1.27661		0	0	0	0
3	61	A	2	8.26421		0	0	0	0
3	61	B	2	-2.61399		0	0	0	0
3	62	A	2	5.46595		0	0	0	0
3	62	B	2	-5.60475		0	0	0	0
3	63	A	2	5.61499		0	0	0	0
3	63	B	2	-5.46091		0	0	0	0
3	64	A	2	6.64837		0	0	0	0
3	64	B	2	-4.62583		0	0	0	0
3	65	A	2	7.94072		0	0	0	0
3	65	B	2	-3.15318		0	0	0	0
3	66	A	2	9.64085		0	0	0	0
3	66	B	2	-1.50285		0	0	0	0
3	67	A	2	8.21717		0	0	0	0
3	67	B	2	-3.13113		0	0	0	0
3	68	A	2	11.1437		0	0	0	0
3	68	B	2	-0.0525218		0	0	0	0
3	69	A	2	10.0146		0	0	0	0
3	69	B	2	-1.27896		0	0	0	0
3	70	A	2	8.82496		0	0	0	0
3	70	B	2	-2.46554		0	0	0	0
3	71	A	2	5.75978		0	0	0	0
3	71	B	2	-5.02802		0	0	0	0
3	72	A	2	8.57254		0	0	0	0
3	72	B	2	-2.11776		0	0	0	0
3	73	A	2	9.14306		0	0	0	0
3	73	B	2	0.0481525		0	0	0	0
3	74	A	2	14.6833		0	0	0	0
3	74	B	2	5.30989		0	0	0	0
3	75	A	2	12.1468		0	0	0	0
3	75	B	2	8.26454		0	0	0	0
3	76	A	2	14.5109		0	0	0	0
3	76	B	2	10.3116		0	0	0	0
3	77	A	2	14.3862		0	0	0	0
3	77	B	2	10.3363		0	0	0	0
3	78	A	2	17.724		0	0	0	0
3	78	B	2	13.7462		0	0	0	0
3	79	A	2	15.0213		0	0	0	0
3	79	B	2	11.0852		0	0	0	0
3	80	A	2	18.2897		0	0	0	0
3	80	B	2	14.3567		0	0	0	0
3	81	A	2	16.6663		0	0	0	0
3	81	B	2	12.6056		0	0	0	0
3	82	A	2	15.4472		0	0	0	0
3	82	B	2	11.5372		0	0	0	0
3	83	A	2	13.3332		0	0	0	0
3	83	B	2	9.67973		0	0	0	0
3	84	A	2	16.3857		0	0	0	0
3	84	B	2	12.4555		0	0	0	0
3	85	A	2	15.5066		0	0	0	0
3	85	B	2	9.97026		0	0	0	0
3	86	A	2	13.5325		0	0	0	0
3	86	B	2	7.79351		0	0	0	0
3	87	A	2	12.4262		0	0	0	0
3	87	B	2	6.42984		0	0	0	0
3	88	A	2	14.2542		0	0	0	0
3	88	B	2	8.78486		0	0	0	0
3	89	A	2	13.6071		0	0	0	0
3	89	B	2	8.00435		0	0	0	0
3	90	A	2	13.8823		0	0	0	0
3	90	B	2	8.32087		0	0	0	0
3	91	A	2	12.6207		0	0	0	0
3	91	B	2	6.79237		0	0	0	0
3	92	A	2	15.0437		0	0	0	0
3	92	B	2	9.3119		0	0	0	0
3	93	A	2	12.7764		0	0	0	0
3	93	B	2	6.96583		0	0	0	0
3	94	A	2	12.6545		0	0	0	0
3	94	B	2	4.79254		0	0	0	0
3	95	A	2	8.30464		0	0	0	0
3	95	B	2	2.4925		0	0	0	0
3	96	A	2	11.8036		0	0	0	0
3	96	B	2	6.02161		0	0	0	0
1	1	A	3	3.36585		0	0	0	0
1	1	B	3	-3.36585		0	0	0	0
1	2	A	3	-8.40689		0	0	0	0
1	2	B	3	-15.3339		0	0	0	0
1	3	A	3	9.25754		0	0	0	0
1	3	B	3	2.46306		0	0	0	0
1	4	A	3	-5.82079		0	0	0	0
1	4	B	3	-12.7689		0	0	0	0
1	5	A	3	-3.20344		0	0	0	0
1	5	B	3	-10.193		0	0	0	0
1	6	A	3	-4.08754		0	0	0	0
1	6	B	3	-11.1547		0	0	0	0
1	7	A	3	-1.28099		0	0	0	0
1	7	B	3	-8.48108		0	0	0	0
1	8	A	3	2.05595		0	0	0	0
1	8	B	3	-5.3607		0	0	0	0
1	9	A	3	1.56248		0	0	0	0
1	9	B	3	-5.55589		0	0	0	0
1	10	A	3	-1.79403		0	0	0	0
1	10	B	3	-8.56238		0	0	0	0
1	11	A	3	0.86478		0	0	0	0
1	11	B	3	-0.86478		0	0	0	0
1	12	A	3	4.37113		0	0	0	0
1	12	B	3	2.70769		0	0	0	0
1	13	A	3	-1.88482		0	0	0	0
1	13	B	3	-5.42733		0	0	0	0
1	14	A	3	8.58116		0	0	0	0
1	14	B	3	5.33219		0	0	0	0
1	15	A	3	-6.46817		0	0	0	0
1	15	B	3	-10.3941		0	0	0	0
1	16	A	3	-5.09738		0	0	0	0
1	16	B	3	-8.57681		0	0	0	0
1	17	A	3	-4.81946		0	0	0	0
1	17	B	3	-7.89971		0	0	0	0
1	18	A	3	-1.49043		0	0	0	0
1	18	B	3	-5.01861		0	0	0	0
1	19	A	3	-3.73655		0	0	0	0
1	19	B	3	-6.77525		0	0	0	0
1	20	A	3	-0.417892		0	0	0	0
1	20	B	3	-3.9531		0	0	0	0
1	21	A	3	-3.89611		0	0	0	0
1	21	B	3	-7.27228		0	0	0	0
1	22	A	3	-4.29778		0	0	0	0
1	22	B	3	-7.1361		0	0	0	0
1	23	A	3	3.25015		0	0	0	0
1	23	B	3	0.30678		0	0	0	0
1	24	A	3	-2.75804		0	0	0	0
1	24	B	3	-5.46033		0	0	0	0
1	25	A	3	0.630795		0	0	0	0
1	25	B	3	-0.630795		0	0	0	0
1	26	A	3	-14.2646		0	0	0	0
1	26	B	3	-16.311		0	0	0	0
1	27	A	3	6.30858		0	0	0	0
1	27	B	3	5.28967		0	0	0	0
1	28	A	3	-11.8962		0	0	0	0
1	28	B	3	-13.2936		0	0	0	0
1	29	A	3	-9.69537		0	0	0	0
1	29	B	3	-10.6854		0	0	0	0
1	30	A	3	-10.1857		0	0	0	0
1	30	B	3	-11.5188		0	0	0	0
1	31	A	3	2.53254		0	0	0	0
1	31	B	3	-6.48135		0	0	0	0
1	32	A	3	6.11509		0	0	0	0
1	32	B	3	-3.16966		0	0	0	0
1	33	A	3	5.67105		0	0	0	0
1	33	B	3	-3.48912		0	0	0	0
1	34	A	3	4.47921		0	0	0	0
1	34	B	3	-4.60761		0	0	0	0
1	35	A	3	4.63873		0	0	0	0
1	35	B	3	-4.63873		0	0	0	0
1	36	A	3	13.7721		0	0	0	0
1	36	B	3	4.24347		0	0	0	0
1	37	A	3	7.22003		0	0	0	0
1	37	B	3	-4.09347		0	0	0	0
1	38	A	3	18.2765		0	0	0	0
1	38	B	3	7.21196		0	0	0	0
1	39	A	3	4.26728		0	0	0	0
1	39	B	3	-1.59381		0	0	0	0
1	40	A	3	4.00147		0	0	0	0
1	40	B	3	-1.8208		0	0	0	0
1	41	A	3	6.21759		0	0	0	0
1	41	B	3	0.071392		0	0	0	0
1	42	A	3	8.30792		0	0	0	0
1	42	B	3	2.68346		0	0	0	0
1	43	A	3	6.82128		0	0	0	0
1	43	B	3	0.963672		0	0	0	0
1	44	A	3	9.4075		0	0	0	0
1	44	B	3	3.34875		0	0	0	0
1	45	A	3	1.22825		0	0	0	0
1	45	B	3	-4.74488		0	0	0	0
1	46	A	3	5.32924		0	0	0	0
1	46	B	3	-0.445766		0	0	0	0
1	47	A	3	13.4489		0	0	0	0
1	47	B	3	7.05077		0	0	0	0
1	48	A	3	3.4408		0	0	0	0
1	48	B	3	-2.68559		0	0	0	0
2	1	A	3	1.85736		0	0	0	0
2	1	B	3	-4.43297		0	0	0	0
2	2	A	3	-2.27077		0	0	0	0
2	2	B	3	-8.5622		0	0	0	0
2	3	A	3	-3.84624		0	0	0	0
2	3	B	3	-11.0149		0	0	0	0
2	4	A	3	1.24953		0	0	0	0
2	4	B	3	-5.36271		0	0	0	0
2	5	A	3	-6.65326		0	0	0	0
2	5	B	3	-13.4168		0	0	0	0
2	6	A	3	-7.89578		0	0	0	0
2	6	B	3	-14.6795		0	0	0	0
2	7	A	3	-1.52068		0	0	0	0
2	7	B	3	-8.77108		0	0	0	0
2	8	A	3	-3.24844		0	0	0	0
2	8	B	3	-10.2172		0	0	0	0
2	9	A	3	1.47995		0	0	0	0
2	9	B	3	-5.24582		0	0	0	0
2	10	A	3	7.71356		0	0	0	0
2	10	B	3	1.23924		0	0	0	0
2	11	A	3	-0.683518		0	0	0	0
2	11	B	3	-2.35311		0	0	0	0
2	12	A	3	1.6176		0	0	0	0
2	12	B	3	0.740555		0	0	0	0
2	13	A	3	3.60029		0	0	0	0
2	13	B	3	0.136148		0	0	0	0
2	14	A	3	0		0	0	0	0
2	14	B	3	0		0	0	0	0
2	15	A	3	-0.253718		0	0	0	0
2	15	B	3	-3.45109		0	0	0	0
2	16	A	3	-3.58381		0	0	0	0
2	16	B	3	-6.72229		0	0	0	0
2	17	A	3	-1.62241		0	0	0	0
2	17	B	3	-4.5639		0	0	0	0
2	18	A	3	-2.00842		0	0	0	0
2	18	B	3	-4.94645		0	0	0	0
2	19	A	3	-4.65367		0	0	0	0
2	19	B	3	-8.4606		0	0	0	0
2	20	A	3	-5.80215		0	0	0	0
2	20	B	3	-8.91587		0	0	0	0
2	21	A	3	11.1336		0	0	0	0
2	21	B	3	-0.256752		0	0	0	0
2	22	A	3	-1.19501		0	0	0	0
2	22	B	3	-12.5906		0	0	0	0
2	23	A	3	3.08519		0	0	0	0
2	23	B	3	-8.26891		0	0	0	0
2	24	A	3	11.9585		0	0	0	0
2	24	B	3	0.712956		0	0	0	0
2	25	A	3	2.66772		0	0	0	0
2	25	B	3	-6.86452		0	0	0	0
2	26	A	3	1.77767		0	0	0	0
2	26	B	3	-7.60113		0	0	0	0
2	27	A	3	0.350405		0	0	0	0
2	27	B	3	-9.08165		0	0	0	0
2	28	A	3	5.27802		0	0	0	0
2	28	B	3	-4.17901		0	0	0	0
2	29	A	3	-1.06304		0	0	0	0
2	29	B	3	-10.694		0	0	0	0
2	30	A	3	-2.13472		0	0	0	0
2	30	B	3	-11.0793		0	0	0	0
2	31	A	3	3.23248		0	0	0	0
2	31	B	3	-5.29267		0	0	0	0
2	32	A	3	0.606544		0	0	0	0
2	32	B	3	-8.48016		0	0	0	0
2	33	A	3	5.65975		0	0	0	0
2	33	B	3	-3.34601		0	0	0	0
2	34	A	3	12.1656		0	0	0	0
2	34	B	3	2.90449		0	0	0	0
2	35	A	3	6.94764		0	0	0	0
2	35	B	3	-2.03174		0	0	0	0
2	36	A	3	11.6279		0	0	0	0
2	36	B	3	2.44938		0	0	0	0
2	37	A	3	13.783		0	0	0	0
2	37	B	3	2.4069		0	0	0	0
2	38	A	3	1.74779		0	0	0	0
2	38	B	3	-9.51921		0	0	0	0
2	39	A	3	9.59711		0	0	0	0
2	39	B	3	3.57477		0	0	0	0
2	40	A	3	5.72938		0	0	0	0
2	40	B	3	0.112563		0	0	0	0
2	41	A	3	9.229		0	0	0	0
2	41	B	3	3.4337		0	0	0	0
2	42	A	3	8.38402		0	0	0	0
2	42	B	3	2.25351		0	0	0	0
2	43	A	3	5.11777		0	0	0	0
2	43	B	3	-1.15508		0	0	0	0
2	44	A	3	6.68953		0	0	0	0
2	44	B	3	0.455627		0	0	0	0
2	45	A	3	10.3515		0	0	0	0
2	45	B	3	4.16254		0	0	0	0
2	46	A	3	4.39329		0	0	0	0
2	46	B	3	-1.69644		0	0	0	0
2	47	A	3	5.87746		0	0	0	0
2	47	B	3	-0.119402		0	0	0	0
2	48	A	3	11.7388		0	0	0	0
2	48	B	3	5.46337		0	0	0	0
3	1	A	3	0.294956		0	0	0	0
3	1	B	3	-6.548		0	0	0	0
3	2	A	3	-6.13591		0	0	0	0
3	2	B	3	-13.3474		0	0	0	0
3	3	A	3	-3.23313		0	0	0	0
3	3	B	3	-10.4589		0	0	0	0
3	4	A	3	-1.99222		0	0	0	0
3	4	B	3	-8.56716		0	0	0	0
3	5	A	3	-7.70236		0	0	0	0
3	5	B	3	-14.4621		0	0	0	0
3	6	A	3	1.86234		0	0	0	0
3	6	B	3	-5.01937		0	0	0	0
3	7	A	3	-6.9439		0	0	0	0
3	7	B	3	-13.4816		0	0	0	0
3	8	A	3	5.73742		0	0	0	0
3	8	B	3	-0.70412		0	0	0	0
3	9	A	3	-5.47327		0	0	0	0
3	9	B	3	-12.1103		0	0	0	0
3	10	A	3	0.850634		0	0	0	0
3	10	B	3	-6.20706		0	0	0	0
3	11	A	3	1.29409		0	0	0	0
3	11	B	3	-6.10233		0	0	0	0
3	12	A	3	3.26272		0	0	0	0
3	12	B	3	-4.05579		0	0	0	0
3	13	A	3	6.28631		0	0	0	0
3	13	B	3	-1.69508		0	0	0	0
3	14	A	3	-2.91387		0	0	0	0
3	14	B	3	-11.7059		0	0	0	0
3	15	A	3	-1.44626		0	0	0	0
3	15	B	3	-9.74977		0	0	0	0
3	16	A	3	-0.492272		0	0	0	0
3	16	B	3	-8.72417		0	0	0	0
3	17	A	3	0.925627		0	0	0	0
3	17	B	3	-7.26675		0	0	0	0
3	18	A	3	4.19337		0	0	0	0
3	18	B	3	-4.19337		0	0	0	0
3	19	A	3	2.74019		0	0	0	0
3	19	B	3	-5.28564		0	0	0	0
3	20	A	3	4.15001		0	0	0	0
3	20	B	3	-4.15001		0	0	0	0
3	21	A	3	0.923603		0	0	0	0
3	21	B	3	-1.95404		0	0	0	0
3	22	A	3	1.75513		0	0	0	0
3	22	B	3	-1.75513		0	0	0	0
3	23	A	3	1.95201		0	0	0	0
3	23	B	3	-1.95201		0	0	0	0
3	24	A	3	-2.58848		0	0	0	0
3	24	B	3	-6.15741		0	0	0	0
3	25	A	3	-2.95933		0	0	0	0
3	25	B	3	-4.00571		0	0	0	0
3	26	A	3	-9.08629		0	0	0	0
3	26	B	3	-10.4588		0	0	0	0
3	27	A	3	-5.93324		0	0	0	0
3	27	B	3	-7.3603		0	0	0	0
3	28	A	3	-5.09678		0	0	0	0
3	28	B	3	-5.99918		0	0	0	0
3	29	A	3	-3.34723		0	0	0	0
3	29	B	3	-5.01889		0	0	0	0
3	30	A	3	0.0617345		0	0	0	0
3	30	B	3	-1.21034		0	0	0	0
3	31	A	3	-1.9842		0	0	0	0
3	31	B	3	-3.86538		0	0	0	0
3	32	A	3	0.890235		0	0	0	0
3	32	B	3	-0.890235		0	0	0	0
3	33	A	3	-0.298109		0	0	0	0
3	33	B	3	-1.93314		0	0	0	0
3	34	A	3	0.92718		0	0	0	0
3	34	B	3	-0.92718		0	0	0	0
3	35	A	3	-4.30951		0	0	0	0
3	35	B	3	-6.30929		0	0	0	0
3	36	A	3	-2.02439		0	0	0	0
3	36	B	3	-4.07923		0	0	0	0
3	37	A	3	-5.97932		0	0	0	0
3	37	B	3	-9.36084		0	0	0	0
3	38	A	3	-12.0087		0	0	0	0
3	38	B	3	-15.5388		0	0	0	0
3	39	A	3	0.339818		0	0	0	0
3	39	B	3	-3.47769		0	0	0	0
3	40	A	3	-7.67186		0	0	0	0
3	40	B	3	-10.6548		0	0	0	0
3	41	A	3	-2.46977		0	0	0	0
3	41	B	3	-10.9721		0	0	0	0
3	42	A	3	1.54035		0	0	0	0
3	42	B	3	-6.87119		0	0	0	0
3	43	A	3	0.367826		0	0	0	0
3	43	B	3	-8.18686		0	0	0	0
3	44	A	3	3.34557		0	0	0	0
3	44	B	3	-4.98636		0	0	0	0
3	45	A	3	4.01519		0	0	0	0
3	45	B	3	-4.2294		0	0	0	0
3	46	A	3	-1.34262		0	0	0	0
3	46	B	3	-9.81977		0	0	0	0
3	47	A	3	-0.245052		0	0	0	0
3	47	B	3	-8.85279		0	0	0	0
3	48	A	3	0.882961		0	0	0	0
3	48	B	3	-7.45592		0	0	0	0
3	49	A	3	0.999524		0	0	0	0
3	49	B	3	-6.0559		0	0	0	0
3	50	A	3	-4.76602		0	0	0	0
3	50	B	3	-11.953		0	0	0	0
3	51	A	3	2.24036		0	0	0	0
3	51	B	3	-7.35652		0	0	0	0
3	52	A	3	4.18092		0	0	0	0
3	52	B	3	-5.51363		0	0	0	0
3	53	A	3	-3.62395		0	0	0	0
3	53	B	3	-13.2249		0	0	0	0
3	54	A	3	7.34074		0	0	0	0
3	54	B	3	-2.16667		0	0	0	0
3	55	A	3	-3.87972		0	0	0	0
3	55	B	3	-13.2013		0	0	0	0
3	56	A	3	11.1568		0	0	0	0
3	56	B	3	1.7468		0	0	0	0
3	57	A	3	-2.88505		0	0	0	0
3	57	B	3	-12.1551		0	0	0	0
3	58	A	3	6.51882		0	0	0	0
3	58	B	3	-3.09239		0	0	0	0
3	59	A	3	6.43545		0	0	0	0
3	59	B	3	-2.56768		0	0	0	0
3	60	A	3	8.34944		0	0	0	0
3	60	B	3	-1.16855		0	0	0	0
3	61	A	3	12.1194		0	0	0	0
3	61	B	3	1.30381		0	0	0	0
3	62	A	3	2.17252		0	0	0	0
3	62	B	3	-9.20268		0	0	0	0
3	63	A	3	3.93037		0	0	0	0
3	63	B	3	-7.28003		0	0	0	0
3	64	A	3	6.04985		0	0	0	0
3	64	B	3	-5.27625		0	0	0	0
3	65	A	3	5.79499		0	0	0	0
3	65	B	3	-5.27431		0	0	0	0
3	66	A	3	5.5629		0	0	0	0
3	66	B	3	-5.5629		0	0	0	0
3	67	A	3	8.8884		0	0	0	0
3	67	B	3	-2.3257		0	0	0	0
3	68	A	3	5.5647		0	0	0	0
3	68	B	3	-5.5647		0	0	0	0
3	69	A	3	10.8901		0	0	0	0
3	69	B	3	-0.377305		0	0	0	0
3	70	A	3	5.6447		0	0	0	0
3	70	B	3	-5.6447		0	0	0	0
3	71	A	3	5.43605		0	0	0	0
3	71	B	3	-5.43605		0	0	0	0
3	72	A	3	8.16309		0	0	0	0
3	72	B	3	-2.66541		0	0	0	0
3	73	A	3	10.2666		0	0	0	0
3	73	B	3	1.21878		0	0	0	0
3	74	A	3	4.22117		0	0	0	0
3	74	B	3	-5.26604		0	0	0	0
3	75	A	3	6.89525		0	0	0	0
3	75	B	3	3.01915		0	0	0	0
3	76	A	3	8.11007		0	0	0	0
3	76	B	3	3.84028		0	0	0	0
3	77	A	3	9.89341		0	0	0	0
3	77	B	3	5.69648		0	0	0	0
3	78	A	3	13.1537		0	0	0	0
3	78	B	3	9.18358		0	0	0	0
3	79	A	3	10.64		0	0	0	0
3	79	B	3	6.52111		0	0	0	0
3	80	A	3	1.96273		0	0	0	0
3	80	B	3	-1.96273		0	0	0	0
3	81	A	3	12.5429		0	0	0	0
3	81	B	3	8.41222		0	0	0	0
3	82	A	3	1.97202		0	0	0	0
3	82	B	3	-1.97202		0	0	0	0
3	83	A	3	4.55709		0	0	0	0
3	83	B	3	0.824857		0	0	0	0
3	84	A	3	10.7297		0	0	0	0
3	84	B	3	6.76635		0	0	0	0
3	85	A	3	6.76552		0	0	0	0
3	85	B	3	1.30933		0	0	0	0
3	86	A	3	1.5274		0	0	0	0
3	86	B	3	-4.48585		0	0	0	0
3	87	A	3	6.00529		0	0	0	0
3	87	B	3	-0.159551		0	0	0	0
3	88	A	3	4.96249		0	0	0	0
3	88	B	3	-0.493445		0	0	0	0
3	89	A	3	5.02554		0	0	0	0
3	89	B	3	-0.520435		0	0	0	0
3	90	A	3	9.36264		0	0	0	0
3	90	B	3	3.65403		0	0	0	0
3	91	A	3	7.88503		0	0	0	0
3	91	B	3	2.11219		0	0	0	0
3	92	A	3	10.7883		0	0	0	0
3	92	B	3	5.12086		0	0	0	0
3	93	A	3	10.9697		0	0	0	0
3	93	B	3	5.18681		0	0	0	0
3	94	A	3	6.01635		0	0	0	0
3	94	B	3	0.250846		0	0	0	0
3	95	A	3	7.56813		0	0	0	0
3	95	B	3	1.51687		0	0	0	0
3	96	A	3	8.80471		0	0	0	0
3	96	B	3	2.95725		0	0	0	0
1	1	A	4	11.0622		0	0	0	0
1	1	B	4	4.26551		0	0	0	0
1	2	A	4	4.88604		0	0	0	0
1	2	B	4	-2.26686		0	0	0	0
1	3	A	4	6.40044		0	0	0	0
1	3	B	4	-0.501952		0	0	0	0
1	4	A	4	10.3945		0	0	0	0
1	4	B	4	3.31962		0	0	0	0
1	5	A	4	3.55217		0	0	0	0
1	5	B	4	-3.55217		0	0	0	0
1	6	A	4	3.47793		0	0	0	0
1	6	B	4	-3.47793		0	0	0	0
1	7	A	4	3.6103		0	0	0	0
1	7	B	4	-3.6103		0	0	0	0
1	8	A	4	3.74466		0	0	0	0
1	8	B	4	-3.74466		0	0	0	0
1	9	A	4	3.53979		0	0	0	0
1	9	B	4	-3.53979		0	0	0	0
1	10	A	4	0		0	0	0	0
1	10	B	4	0		0	0	0	0
1	11	A	4	0		0	0	0	0
1	11	B	4	0		0	0	0	0
1	12	A	4	0.808835		0	0	0	0
1	12	B	4	-0.808835		0	0	0	0
1	13	A	4	1.75391		0	0	0	0
1	13	B	4	-1.75391		0	0	0	0
1	14	A	4	1.68954		0	0	0	0
1	14	B	4	-1.68954		0	0	0	0
1	15	A	4	1.9803		0	0	0	0
1	15	B	4	-1.9803		0	0	0	0
1	16	A	4	1.74883		0	0	0	0
1	16	B	4	-1.74883		0	0	0	0
1	17	A	4	1.52521		0	0	0	0
1	17	B	4	-1.52521		0	0	0	0
1	18	A	4	1.75619		0	0	0	0
1	18	B	4	-1.75619		0	0	0	0
1	19	A	4	-10.3295		0	0	0	0
1	19	B	4	-13.394		0	0	0	0
1	20	A	4	-7.19672		0	0	0	0
1	20	B	4	-10.6894		0	0	0	0
1	21	A	4	-7.1228		0	0	0	0
1	21	B	4	-10.5385		0	0	0	0
1	22	A	4	2.25762		0	0	0	0
1	22	B	4	-0.54218		0	0	0	0
1	23	A	4	1.56072		0	0	0	0
1	23	B	4	-1.56072		0	0	0	0
1	24	A	4	4.91594		0	0	0	0
1	24	B	4	2.3188		0	0	0	0
1	25	A	4	4.67493		0	0	0	0
1	25	B	4	3.34396		0	0	0	0
1	26	A	4	2.63712		0	0	0	0
1	26	B	4	0.691925		0	0	0	0
1	27	A	4	0.164389		0	0	0	0
1	27	B	4	-0.675553		0	0	0	0
1	28	A	4	4.34142		0	0	0	0
1	28	B	4	2.87918		0	0	0	0
1	29	A	4	0.449591		0	0	0	0
1	29	B	4	-0.449591		0	0	0	0
1	30	A	4	0.661625		0	0	0	0
1	30	B	4	-0.661625		0	0	0	0
1	31	A	4	4.45577		0	0	0	0
1	31	B	4	-4.45577		0	0	0	0
1	32	A	4	4.65597		0	0	0	0
1	32	B	4	-4.65597		0	0	0	0
1	33	A	4	4.57834		0	0	0	0
1	33	B	4	-4.57834		0	0	0	0
1	34	A	4	4.56065		0	0	0	0
1	34	B	4	-4.56065		0	0	0	0
1	35	A	4	4.62638		0	0	0	0
1	35	B	4	-4.62638		0	0	0	0
1	36	A	4	4.7126		0	0	0	0
1	36	B	4	-4.7126		0	0	0	0
1	37	A	4	5.6303		0	0	0	0
1	37	B	4	-5.6303		0	0	0	0
1	38	A	4	5.46755		0	0	0	0
1	38	B	4	-5.46755		0	0	0	0
1	39	A	4	3.02251		0	0	0	0
1	39	B	4	-3.02251		0	0	0	0
1	40	A	4	2.84976		0	0	0	0
1	40	B	4	-2.84976		0	0	0	0
1	41	A	4	3.11017		0	0	0	0
1	41	B	4	-3.11017		0	0	0	0
1	42	A	4	2.8188		0	0	0	0
1	42	B	4	-2.8188		0	0	0	0
1	43	A	4	-0.754117		0	0	0	0
1	43	B	4	-6.5916		0	0	0	0
1	44	A	4	2.70523		0	0	0	0
1	44	B	4	-3.36918		0	0	0	0
1	45	A	4	2.47607		0	0	0	0
1	45	B	4	-3.47296		0	0	0	0
1	46	A	4	12.4758		0	0	0	0
1	46	B	4	6.67032		0	0	0	0
1	47	A	4	3.16861		0	0	0	0
1	47	B	4	-3.16861		0	0	0	0
1	48	A	4	7.87663		0	0	0	0
1	48	B	4	1.69258		0	0	0	0
2	1	A	4	8.28685		0	0	0	0
2	1	B	4	1.94417		0	0	0	0
2	2	A	4	5.23304		0	0	0	0
2	2	B	4	-1.149		0	0	0	0
2	3	A	4	3.10872		0	0	0	0
2	3	B	4	-4.15421		0	0	0	0
2	4	A	4	5.93263		0	0	0	0
2	4	B	4	-0.616715		0	0	0	0
2	5	A	4	5.41867		0	0	0	0
2	5	B	4	-1.21126		0	0	0	0
2	6	A	4	3.36078		0	0	0	0
2	6	B	4	-3.36078		0	0	0	0
2	7	A	4	3.61565		0	0	0	0
2	7	B	4	-3.61565		0	0	0	0
2	8	A	4	3.51026		0	0	0	0
2	8	B	4	-3.51026		0	0	0	0
2	9	A	4	3.41208		0	0	0	0
2	9	B	4	-3.41208		0	0	0	0
2	10	A	4	3.25778		0	0	0	0
2	10	B	4	-3.25778		0	0	0	0
2	11	A	4	0		0	0	0	0
2	11	B	4	0		0	0	0	0
2	12	A	4	0		0	0	0	0
2	12	B	4	0		0	0	0	0
2	13	A	4	1.79981		0	0	0	0
2	13	B	4	-1.79981		0	0	0	0
2	14	A	4	1.54432		0	0	0	0
2	14	B	4	-1.54432		0	0	0	0
2	15	A	4	1.52658		0	0	0	0
2	15	B	4	-1.52658		0	0	0	0
2	16	A	4	1.5879		0	0	0	0
2	16	B	4	-1.5879		0	0	0	0
2	17	A	4	1.43528		0	0	0	0
2	17	B	4	-1.43528		0	0	0	0
2	18	A	4	1.50469		0	0	0	0
2	18	B	4	-1.50469		0	0	0	0
2	19	A	4	1.9249		0	0	0	0
2	19	B	4	-1.9249		0	0	0	0
2	20	A	4	-3.11905		0	0	0	0
2	20	B	4	-6.24864		0	0	0	0
2	21	A	4	5.7106		0	0	0	0
2	21	B	4	-5.7106		0	0	0	0
2	22	A	4	9.47691		0	0	0	0
2	22	B	4	-1.90919		0	0	0	0
2	23	A	4	12.7212		0	0	0	0
2	23	B	4	1.50092		0	0	0	0
2	24	A	4	12.3024		0	0	0	0
2	24	B	4	1.07534		0	0	0	0
2	25	A	4	7.54343		0	0	0	0
2	25	B	4	-2.02181		0	0	0	0
2	26	A	4	9.35272		0	0	0	0
2	26	B	4	-0.0718057		0	0	0	0
2	27	A	4	4.05572		0	0	0	0
2	27	B	4	-5.38715		0	0	0	0
2	28	A	4	11.3672		0	0	0	0
2	28	B	4	1.83405		0	0	0	0
2	29	A	4	9.84307		0	0	0	0
2	29	B	4	0.167618		0	0	0	0
2	30	A	4	4.53025		0	0	0	0
2	30	B	4	-4.53025		0	0	0	0
2	31	A	4	4.28559		0	0	0	0
2	31	B	4	-4.28559		0	0	0	0
2	32	A	4	4.57372		0	0	0	0
2	32	B	4	-4.57372		0	0	0	0
2	33	A	4	4.45691		0	0	0	0
2	33	B	4	-4.45691		0	0	0	0
2	34	A	4	4.63026		0	0	0	0
2	34	B	4	-4.63026		0	0	0	0
2	35	A	4	4.51508		0	0	0	0
2	35	B	4	-4.51508		0	0	0	0
2	36	A	4	4.61906		0	0	0	0
2	36	B	4	-4.61906		0	0	0	0
2	37	A	4	5.689		0	0	0	0
2	37	B	4	-5.689		0	0	0	0
2	38	A	4	5.54485		0	0	0	0
2	38	B	4	-5.54485		0	0	0	0
2	39	A	4	2.98019		0	0	0	0
2	39	B	4	-2.98019		0	0	0	0
2	40	A	4	2.87449		0	0	0	0
2	40	B	4	-2.87449		0	0	0	0
2	41	A	4	2.89581		0	0	0	0
2	41	B	4	-2.89581		0	0	0	0
2	42	A	4	3.10879		0	0	0	0
2	42	B	4	-3.10879		0	0	0	0
2	43	A	4	3.12022		0	0	0	0
2	43	B	4	-3.12022		0	0	0	0
2	44	A	4	7.22502		0	0	0	0
2	44	B	4	0.984466		0	0	0	0
2	45	A	4	0		0	0	0	0
2	45	B	4	0		0	0	0	0
2	46	A	4	9.40175		0	0	0	0
2	46	B	4	3.29123		0	0	0	0
2	47	A	4	12.1005		0	0	0	0
2	47	B	4	6.03752		0	0	0	0
2	48	A	4	12.1597		0	0	0	0
2	48	B	4	5.88183		0	0	0	0
3	1	A	4	10.7538		0	0	0	0
3	1	B	4	3.87482		0	0	0	0
3	2	A	4	7.87036		0	0	0	0
3	2	B	4	0.658843		0	0	0	0
3	3	A	4	8.38587		0	0	0	0
3	3	B	4	1.33002		0	0	0	0
3	4	A	4	9.99777		0	0	0	0
3	4	B	4	3.36138		0	0	0	0
3	5	A	4	10.2583		0	0	0	0
3	5	B	4	3.43779		0	0	0	0
3	6	A	4	12.9314		0	0	0	0
3	6	B	4	6.09054		0	0	0	0
3	7	A	4	0.983307		0	0	0	0
3	7	B	4	-5.5732		0	0	0	0
3	8	A	4	16.0328		0	0	0	0
3	8	B	4	9.6731		0	0	0	0
3	9	A	4	3.29909		0	0	0	0
3	9	B	4	-3.29909		0	0	0	0
3	10	A	4	3.45888		0	0	0	0
3	10	B	4	-3.45888		0	0	0	0
3	11	A	4	3.65398		0	0	0	0
3	11	B	4	-3.65398		0	0	0	0
3	12	A	4	3.65861		0	0	0	0
3	12	B	4	-3.65861		0	0	0	0
3	13	A	4	4.02562		0	0	0	0
3	13	B	4	-4.02562		0	0	0	0
3	14	A	4	4.35877		0	0	0	0
3	14	B	4	-4.35877		0	0	0	0
3	15	A	4	4.07238		0	0	0	0
3	15	B	4	-4.07238		0	0	0	0
3	16	A	4	4.14353		0	0	0	0
3	16	B	4	-4.14353		0	0	0	0
3	17	A	4	4.15042		0	0	0	0
3	17	B	4	-4.15042		0	0	0	0
3	18	A	4	4.22433		0	0	0	0
3	18	B	4	-4.22433		0	0	0	0
3	19	A	4	4.11766		0	0	0	0
3	19	B	4	-4.11766		0	0	0	0
3	20	A	4	4.20333		0	0	0	0
3	20	B	4	-4.20333		0	0	0	0
3	21	A	4	1.43697		0	0	0	0
3	21	B	4	-1.43697		0	0	0	0
3	22	A	4	1.70562		0	0	0	0
3	22	B	4	-1.70562		0	0	0	0
3	23	A	4	1.86367		0	0	0	0
3	23	B	4	-1.86367		0	0	0	0
3	24	A	4	1.75754		0	0	0	0
3	24	B	4	-1.75754		0	0	0	0
3	25	A	4	0.579995		0	0	0	0
3	25	B	4	-0.579995		0	0	0	0
3	26	A	4	0.67806		0	0	0	0
3	26	B	4	-0.67806		0	0	0	0
3	27	A	4	0.645405		0	0	0	0
3	27	B	4	-0.645405		0	0	0	0
3	28	A	4	0.479869		0	0	0	0
3	28	B	4	-0.479869		0	0	0	0
3	29	A	4	0.76721		0	0	0	0
3	29	B	4	-0.76721		0	0	0	0
3	30	A	4	0.589565		0	0	0	0
3	30	B	4	-0.589565		0	0	0	0
3	31	A	4	0.98641		0	0	0	0
3	31	B	4	-0.98641		0	0	0	0
3	32	A	4	0.9107		0	0	0	0
3	32	B	4	-0.9107		0	0	0	0
3	33	A	4	0.82472		0	0	0	0
3	33	B	4	-0.82472		0	0	0	0
3	34	A	4	0.954905		0	0	0	0
3	34	B	4	-0.954905		0	0	0	0
3	35	A	4	1.00036		0	0	0	0
3	35	B	4	-1.00036		0	0	0	0
3	36	A	4	1.01459		0	0	0	0
3	36	B	4	-1.01459		0	0	0	0
3	37	A	4	1.7529		0	0	0	0
3	37	B	4	-1.7529		0	0	0	0
3	38	A	4	1.71357		0	0	0	0
3	38	B	4	-1.71357		0	0	0	0
3	39	A	4	1.86491		0	0	0	0
3	39	B	4	-1.86491		0	0	0	0
3	40	A	4	1.53205		0	0	0	0
3	40	B	4	-1.53205		0	0	0	0
3	41	A	4	4.29612		0	0	0	0
3	41	B	4	-4.29612		0	0	0	0
3	42	A	4	4.21169		0	0	0	0
3	42	B	4	-4.21169		0	0	0	0
3	43	A	4	4.26926		0	0	0	0
3	43	B	4	-4.26926		0	0	0	0
3	44	A	4	4.18112		0	0	0	0
3	44	B	4	-4.18112		0	0	0	0
3	45	A	4	4.12735		0	0	0	0
3	45	B	4	-4.12735		0	0	0	0
3	46	A	4	4.27637		0	0	0	0
3	46	B	4	-4.27637		0	0	0	0
3	47	A	4	9.07552		0	0	0	0
3	47	B	4	0.395145		0	0	0	0
3	48	A	4	9.44302		0	0	0	0
3	48	B	4	1.07638		0	0	0	0
3	49	A	4	11.4156		0	0	0	0
3	49	B	4	4.30841		0	0	0	0
3	50	A	4	8.90461		0	0	0	0
3	50	B	4	1.82876		0	0	0	0
3	51	A	4	14.028		0	0	0	0
3	51	B	4	4.51655		0	0	0	0
3	52	A	4	15.8822		0	0	0	0
3	52	B	4	6.19742		0	0	0	0
3	53	A	4	15.7221		0	0	0	0
3	53	B	4	6.19869		0	0	0	0
3	54	A	4	18.587		0	0	0	0
3	54	B	4	8.99815		0	0	0	0
3	55	A	4	6.59795		0	0	0	0
3	55	B	4	-2.78385		0	0	0	0
3	56	A	4	21.4649		0	0	0	0
3	56	B	4	11.9955		0	0	0	0
3	57	A	4	4.62338		0	0	0	0
3	57	B	4	-4.62338		0	0	0	0
3	58	A	4	4.80509		0	0	0	0
3	58	B	4	-4.80509		0	0	0	0
3	59	A	4	4.45937		0	0	0	0
3	59	B	4	-4.45937		0	0	0	0
3	60	A	4	4.74812		0	0	0	0
3	60	B	4	-4.74812		0	0	0	0
3	61	A	4	5.3951		0	0	0	0
3	61	B	4	-5.3951		0	0	0	0
3	62	A	4	5.6209		0	0	0	0
3	62	B	4	-5.6209		0	0	0	0
3	63	A	4	5.5469		0	0	0	0
3	63	B	4	-5.5469		0	0	0	0
3	64	A	4	5.64885		0	0	0	0
3	64	B	4	-5.64885		0	0	0	0
3	65	A	4	5.5346		0	0	0	0
3	65	B	4	-5.5346		0	0	0	0
3	66	A	4	5.577		0	0	0	0
3	66	B	4	-5.577		0	0	0	0
3	67	A	4	5.66455		0	0	0	0
3	67	B	4	-5.66455		0	0	0	0
3	68	A	4	5.5843		0	0	0	0
3	68	B	4	-5.5843		0	0	0	0
3	69	A	4	5.62325		0	0	0	0
3	69	B	4	-5.62325		0	0	0	0
3	70	A	4	5.72765		0	0	0	0
3	70	B	4	-5.72765		0	0	0	0
3	71	A	4	5.4155		0	0	0	0
3	71	B	4	-5.4155		0	0	0	0
3	72	A	4	5.3939		0	0	0	0
3	72	B	4	-5.3939		0	0	0	0
3	73	A	4	4.5205		0	0	0	0
3	73	B	4	-4.5205		0	0	0	0
3	74	A	4	4.75276		0	0	0	0
3	74	B	4	-4.75276		0	0	0	0
3	75	A	4	2.00412		0	0	0	0
3	75	B	4	-2.00412		0	0	0	0
3	76	A	4	2.15736		0	0	0	0
3	76	B	4	-2.15736		0	0	0	0
3	77	A	4	1.99283		0	0	0	0
3	77	B	4	-1.99283		0	0	0	0
3	78	A	4	2.05177		0	0	0	0
3	78	B	4	-2.05177		0	0	0	0
3	79	A	4	2.04467		0	0	0	0
3	79	B	4	-2.04467		0	0	0	0
3	80	A	4	2.01192		0	0	0	0
3	80	B	4	-2.01192		0	0	0	0
3	81	A	4	2.05762		0	0	0	0
3	81	B	4	-2.05762		0	0	0	0
3	82	A	4	1.94219		0	0	0	0
3	82	B	4	-1.94219		0	0	0	0
3	83	A	4	1.88108		0	0	0	0
3	83	B	4	-1.88108		0	0	0	0
3	84	A	4	1.96717		0	0	0	0
3	84	B	4	-1.96717		0	0	0	0
3	85	A	4	2.77278		0	0	0	0
3	85	B	4	-2.77278		0	0	0	0
3	86	A	4	2.97957		0	0	0	0
3	86	B	4	-2.97957		0	0	0	0
3	87	A	4	3.03704		0	0	0	0
3	87	B	4	-3.03704		0	0	0	0
3	88	A	4	2.73535		0	0	0	0
3	88	B	4	-2.73535		0	0	0	0
3	89	A	4	2.75322		0	0	0	0
3	89	B	4	-2.75322		0	0	0	0
3	90	A	4	2.81764		0	0	0	0
3	90	B	4	-2.81764		0	0	0	0
3	91	A	4	2.88384		0	0	0	0
3	91	B	4	-2.88384		0	0	0	0
3	92	A	4	2.81066		0	0	0	0
3	92	B	4	-2.81066		0	0	0	0
3	93	A	4	2.87931		0	0	0	0
3	93	B	4	-2.87931		0	0	0	0
3	94	A	4	2.8636		0	0	0	0
3	94	B	4	-2.8636		0	0	0	0
3	95	A	4	16.8985		0	0	0	0
3	95	B	4	10.9042		0	0	0	0
3	96	A	4	17.9877		0	0	0	0
3	96	B	4	12.1657		0	0	0	0
